data/carpenters_dem.asc
ncols         331
nrows         558
xllcorner     287655
yllcorner     3292515
cellsize      30
NODATA_value  -9999
[rows 264 to 296 of 558, columns 74 to 147 of 331]
-9999 -9999 -9999 -9999 -9999 -9999 -9999 -9999 11.172 10.838 10.736 10.74 10.735 10.626 10.611 10.611 10.611 10.611 11.616 11.438 10.784 10.611 10.822 11.142 10.905 11.071 11.2 10.937 10.938 10.927 10.927 11.047 10.99 10.676 10.874 10.801 10.513 10.214 10.214 10.214 10.214 10.214 10.214 10.214 10.214 10.214 10.214 10.214 10.214 10.214 10.214 10.214 10.214 10.214 10.214 10.442 10.156 10.451 10.637 10.124 10.124 10.124 10.124 10.232 11.691 10.267 10.267 10.267 10.267 10.267 10.267 10.67 10.692 10.368
-9999 -9999 -9999 -9999 -9999 -9999 -9999 11.062 10.947 11.257 11.018 10.679 10.611 10.611 10.611 10.648 10.611 10.611 11.334 11.638 11.108 10.611 10.707 10.7 11.008 11.138 11.126 10.927 10.927 11.006 11.045 10.927 11.028 10.934 10.676 11.013 10.453 10.37 10.214 10.214 10.214 10.214 10.214 10.214 10.214 10.214 10.214 10.214 10.214 10.214 10.214 10.214 10.214 10.214 10.214 11.748 10.156 10.182 10.389 10.124 10.124 10.124 10.124 10.27 11.879 11.613 11.318 11.36 11.393 11.34 10.267 10.267 10.267 10.267
-9999 -9999 -9999 -9999 -9999 -9999 -9999 11.001 11.306 11.108 11.17 10.877 10.611 10.611 10.662 10.687 10.614 10.611 10.611 11.306 11.291 10.611 10.611 10.878 10.77 11.302 10.993 10.984 10.927 11.039 10.958 10.927 11.027 10.925 10.598 10.843 10.576 10.494 10.329 10.306 10.613 10.214 10.214 10.214 10.214 10.214 10.214 10.214 10.214 10.214 10.214 10.214 10.214 10.75 10.714 11.649 10.156 10.441 10.493 10.124 10.124 10.124 10.124 11.026 12.132 12.239 12.47 12.018 10.867 10.267 10.267 10.267 10.267 10.267
-9999 -9999 -9999 -9999 -9999 -9999 -9999 11.097 11.195 11.245 11.314 11.152 10.611 10.668 10.763 10.698 10.663 10.611 10.611 10.922 11.4 10.931 10.611 10.93 10.773 10.866 11.051 11.188 11.225 11.034 11.098 11.141 10.93 11.166 11.003 10.598 10.976 10.346 10.409 10.324 10.418 10.214 10.214 10.214 10.214 10.214 10.214 10.214 10.214 10.214 10.214 10.682 10.695 10.65 10.807 10.444 10.156 10.492 10.559 10.124 10.124 10.124 10.124 11.729 11.943 12.116 11.893 11.792 10.676 11.215 11.344 11.34 10.267 10.267
-9999 -9999 -9999 -9999 -9999 -9999 11.2 11.262 11.051 11.051 11.154 11.164 10.846 10.611 10.611 10.611 10.731 10.611 10.611 10.735 11.033 11.152 10.611 10.611 10.902 10.842 10.842 11.213 10.955 10.955 11.075 11.215 10.832 11.001 11.096 10.597 11.018 10.597 10.324 10.333 10.469 10.214 10.214 10.214 10.214 10.214 10.214 10.214 10.214 10.214 10.871 10.658 10.77 10.706 10.823 10.701 10.156 10.752 10.368 10.321 10.124 10.124 10.124 11.616 11.898 12.111 11.679 11.612 11.308 10.98 11.086 11.012 10.267 10.267
-9999 -9999 -9999 -9999 -9999 -9999 11.491 11.12 11.051 11.149 11.027 10.745 10.611 10.611 10.611 10.611 10.611 10.611 10.611 10.611 10.725 11.228 11.081 10.611 10.83 11.061 10.863 11.337 11.259 10.955 11.104 11.178 10.926 10.832 11.155 10.597 10.597 11.042 10.604 10.328 10.338 10.679 10.214 10.214 10.214 10.214 10.214 10.214 10.52 10.799 10.762 10.887 11.005 10.232 10.3 10.74 10.156 10.156 10.156 10.253 10.171 10.124 10.616 11.172 11.624 12.056 11.988 11.712 11.681 12.097 11.725 11.258 11.256 10.267
-9999 -9999 -9999 -9999 -9999 -9999 12.175 12.105 11.593 11.282 10.969 10.888 10.962 10.948 10.853 10.892 10.903 10.812 10.783 10.611 10.64 10.909 11.221 10.611 10.611 10.914 10.867 10.737 11.336 10.915 10.675 10.962 10.869 10.597 10.597 11.076 11.085 11.018 11.217 10.322 10.322 10.535 10.214 10.214 10.214 10.214 10.214 10.803 10.322 10.249 10.218 10.255 10.336 10.232 10.284 10.474 11.018 10.225 10.185 10.156 10.124 10.212 11.096 10.46 10.615 10.719 10.886 11.004 11.045 10.94 10.752 10.595 10.456 10.59
-9999 -9999 -9999 -9999 -9999 12.208 11.833 11.83 11.565 11.077 10.839 10.711 10.623 10.898 10.844 10.682 10.671 10.751 10.766 10.637 10.611 10.611 11.123 11.06 10.611 10.731 10.728 10.74 11.501 10.675 11.089 10.75 10.597 10.946 10.597 11.039 11.219 10.834 11.15 11.119 10.322 10.322 10.236 10.214 10.214 10.214 10.36 10.284 10.276 10.235 10.218 10.218 10.218 10.218 10.218 10.345 9.94 10.132 9.94 10.124 10.169 10.278 10.456 10.457 10.409 10.548 10.866 11.044 11.131 11.246 10.664 10.41 10.3 10.346
-9999 -9999 -9999 -9999 -9999 11.957 11.618 11.929 11.425 11.136 10.728 10.68 10.723 10.611 10.611 10.611 10.611 10.611 10.611 10.773 10.611 10.611 10.837 11.242 10.611 10.654 10.719 10.682 10.727 11.195 10.597 10.597 10.828 11.02 10.953 10.782 11.226 11.238 10.834 11.169 11.152 10.378 10.832 10.214 10.523 10.512 10.354 10.292 10.218 10.218 10.3 10.218 10.218 10.242 10.236 10.363 9.94 9.94 10.019 10.066 10.056 10.295 10.206 10.348 10.442 10.267 10.267 10.267 10.267 10.267 10.267 10.267 10.267 10.267
-9999 -9999 -9999 -9999 -9999 11.781 10.958 11.653 11.424 10.465 11.05 11.2 10.888 10.721 10.744 10.611 11.044 10.873 10.612 10.611 10.955 10.611 10.611 11.051 10.611 10.611 10.63 10.633 10.611 10.597 11.031 10.744 10.597 11.055 11.228 10.718 11.226 11.26 11.165 10.834 11.246 11.219 10.576 10.837 10.4 10.323 10.323 10.372 10.261 10.224 10.348 10.243 10.262 10.159 10.159 10.219 10.684 9.94 9.94 9.94 9.94 10.21 10.206 10.206 10.481 10.267 10.291 10.439 10.354 10.38 10.267 10.267 10.267 10.267
-9999 -9999 -9999 -9999 11.419 11.207 10.958 11.178 11.09 10.465 11.016 10.892 10.611 11.278 11.218 11.005 10.611 10.833 10.908 10.611 10.709 10.634 10.611 10.722 11.241 10.611 10.611 10.611 10.699 11.115 11.026 10.597 10.944 10.839 11.034 11.13 10.718 11.314 10.953 10.834 11.429 11.116 10.48 10.414 10.441 10.33 10.323 10.326 10.29 10.286 10.224 10.26 10.159 10.196 10.159 10.159 10.926 9.94 10.069 9.995 10.054 10.206 10.611 10.319 10.377 10.301 10.33 10.263 10.304 10.267 10.267 10.324 10.267 10.267
-9999 -9999 -9999 -9999 10.932 10.688 10.768 10.796 10.465 10.646 11.042 10.642 10.611 10.87 10.703 11.141 10.611 10.887 10.968 10.611 10.611 10.787 10.611 10.611 10.937 10.611 10.611 10.639 10.839 10.7 11.221 11.13 11.064 10.765 11.021 10.718 11.373 10.794 11.278 11.351 10.281 10.425 10.297 10.323 10.558 10.587 10.473 10.387 10.309 10.265 10.232 10.23 10.161 10.205 10.225 10.159 10.594 9.94 9.974 9.974 10.021 10.04 10.349 10.454 10.426 10.25 10.263 10.274 10.284 10.333 10.34 10.308 10.34 10.278
-9999 -9999 -9999 10.661 10.893 10.688 10.872 10.979 10.461 10.857 10.681 10.611 10.798 10.857 10.611 10.672 10.688 10.71 11.239 11.273 10.611 10.809 10.611 10.611 10.611 11.121 10.611 10.7 10.914 10.7 11.481 11.283 11.15 10.718 10.718 11.013 11.44 11.395 11.37 10.281 10.332 10.281 10.433 10.335 10.647 10.624 10.564 10.413 10.337 10.313 10.23 10.24 10.159 10.194 10.159 10.185 10.546 9.94 9.981 9.974 10.295 10.021 10.068 10.192 10.328 10.25 10.252 10.242 10.294 10.309 10.314 10.316 10.365 10.289
-9999 -9999 -9999 11.249 11.048 10.688 11.336 11.238 10.461 10.888 10.789 10.611 10.707 10.683 10.611 10.611 10.611 10.611 10.701 11.017 11.024 11.261 10.611 10.611 10.611 10.933 10.611 10.711 10.767 10.781 11.257 11.134 10.718 11.187 11.231 10.718 11.254 10.985 10.423 10.281 10.281 10.314 10.344 10.615 10.612 10.51 10.57 10.278 10.278 10.258 10.256 10.264 10.163 10.159 10.159 10.176 9.94 9.94 10.238 10.74 10.489 10.282 10.463 10.204 10.328 10.247 10.264 10.242 10.317 10.324 10.377 10.434 11.204 10.819
-9999 -9999 -9999 11.35 11.162 10.688 11.403 11.358 10.461 10.924 10.648 10.611 10.734 10.78 10.901 10.611 10.803 10.611 10.666 10.611 10.611 10.611 10.882 10.611 10.611 10.716 11.201 10.611 10.889 10.779 10.871 11.196 10.718 11.1 11.3 11.147 10.24 10.274 10.306 10.295 10.281 10.33 10.201 10.376 10.348 10.367 10.372 10.352 10.377 10.256 10.286 10.183 10.159 10.16 10.175 10.128 9.94 9.94 10.044 10.538 10.391 10.21 10.414 10.213 10.272 10.242 10.242 10.249 10.346 10.267 10.3 10.345 11.591 10.859
-9999 -9999 10.798 11.532 11.548 10.651 11.272 10.942 10.461 10.827 10.784 10.611 10.835 10.811 10.749 10.656 10.741 10.611 10.644 10.718 10.611 10.729 10.611 10.611 10.611 10.611 11.162 10.611 11.028 10.971 10.913 11.432 10.853 11.326 11.247 10.323 10.342 10.24 10.222 9.94 9.94 9.94 10.221 10.163 10.333 10.324 10.206 10.266 10.256 10.273 10.382 10.161 10.159 10.195 10.131 10.312 9.94 9.94 9.954 10.118 10.215 10.18 10.176 10.176 10.242 10.242 10.242 10.242 10.242 10.317 10.249 10.293 11.97 11.014
-9999 -9999 10.461 10.461 10.461 10.461 11.268 11.032 10.461 10.843 10.611 10.611 10.611 10.611 10.611 10.611 10.611 10.611 10.845 10.611 10.611 10.689 10.746 10.815 11.325 10.611 11.003 10.611 10.622 11.182 11.092 11.199 11.302 10.741 10.286 10.232 10.269 10.198 9.94 9.94 9.94 9.94 9.94 9.94 9.94 10.177 10.239 10.266 10.256 10.256 10.258 10.202 10.253 10.176 10.194 10.661 9.94 9.968 10.023 10.096 10.047 10.2 10.176 10.364 10.481 10.242 10.252 10.242 10.242 10.242 10.242 10.288 11.138 11.753
-9999 -9999 10.958 11.374 11.237 10.461 11.216 10.816 10.461 10.78 10.611 10.786 10.72 10.617 10.662 10.611 10.856 10.719 10.611 10.611 10.611 10.611 10.611 10.681 10.974 10.611 10.845 11.419 10.611 11.148 11.111 11.061 10.534 10.258 10.258 10.312 10.216 9.94 9.94 9.94 9.94 9.94 9.94 9.94 9.94 9.94 9.94 10.291 10.267 10.283 10.292 10.291 10.312 10.391 10.418 9.94 9.94 9.94 10.006 10.047 10.098 10.176 10.293 10.176 10.358 10.502 10.512 10.611 10.535 10.638 10.242 10.774 10.615 10.405
-9999 12.785 12.322 10.862 10.683 10.461 10.461 10.461 10.682 10.745 10.611 10.842 10.692 10.617 10.863 10.611 10.884 10.848 10.611 10.693 10.611 10.649 10.611 10.611 10.991 11.256 10.611 11.163 10.611 11.14 11.145 10.779 10.547 10.34 10.474 10.26 9.94 9.94 9.94 9.94 9.94 9.94 9.94 9.94 9.94 9.94 9.94 9.94 9.94 9.94 10.433 10.291 10.302 10.62 9.94 9.94 9.94 9.958 9.972 10.064 10.038 10.171 10.187 10.308 10.296 10.427 10.495 10.492 10.608 10.646 10.242 10.508 10.242 10.245
-9999 11.348 11.202 11.041 10.977 11.071 10.87 10.864 10.824 10.791 11.108 10.795 10.617 10.617 10.853 10.611 10.818 10.732 10.611 10.854 10.728 10.982 11.189 10.871 10.611 10.718 10.611 10.916 11.06 10.846 10.729 10.582 10.34 10.579 10.19 10.062 10.523 10.201 10.025 9.94 9.94 9.94 9.94 9.94 9.94 9.94 9.94 9.94 9.94 9.94 9.94 10.26 9.96 9.94 9.94 9.94 9.94 9.954 9.977 10.008 10.111 10.296 10.352 10.345 10.215 10.314 10.442 10.371 10.433 10.54 10.242 10.349 10.242 10.242
-9999 10.595 10.595 10.595 10.595 11.718 12.467 12.908 13.001 12.895 12.621 12.779 12.328 10.617 10.928 10.718 10.905 10.762 10.611 10.89 10.611 10.611 10.66 10.706 10.611 11.063 10.611 10.611 11.216 10.521 10.707 10.34 10.463 10.495 10.527 10.575 10.182 10.104 10.217 10.519 10.485 9.94 9.94 9.94 9.94 9.94 9.94 9.94 9.94 9.94 9.94 10.593 9.94 10.662 9.952 9.971 9.992 10.005 10.011 9.961 9.961 10.452 10.484 10.561 10.214 10.502 10.405 10.214 10.386 10.4 10.339 10.242 10.242 10.242
11.291 10.595 10.595 10.595 10.595 11.456 12.564 13.081 13.389 13.321 13.502 13.26 12.727 10.617 10.92 10.707 10.868 10.74 10.611 10.734 10.627 10.611 10.682 10.611 10.877 10.99 10.725 10.611 10.949 10.521 10.538 10.602 10.637 10.397 10.413 10.604 10.484 10.645 10.59 10.332 10.14 10.527 10.014 10.187 9.94 9.94 9.94 9.94 9.94 9.94 10.509 9.94 10.564 10.022 10.009 9.961 9.961 9.961 9.961 10.243 10.504 10.447 10.237 10.214 10.214 10.214 10.214 10.214 10.214 10.369 10.466 10.487 10.494 10.543
11.955 10.595 10.595 10.595 10.595 11.334 12.22 12.908 13.025 13.315 13.298 13.039 12.692 10.617 10.929 10.642 10.642 10.642 10.611 10.611 10.611 10.611 10.611 10.931 11.113 11.129 10.91 10.611 10.621 11.079 10.521 10.433 10.397 10.555 10.551 10.61 10.457 10.572 10.592 10.58 10.583 10.615 10.631 10.61 10.53 10.424 10.101 10.344 10.242 10.693 11.057 9.94 10.284 10.069 9.979 9.998 9.961 9.961 10.129 9.961 10.4 10.217 10.274 10.223 10.355 10.267 10.214 10.214 10.214 10.214 10.214 10.214 10.214 10.214
10.595 10.595 10.595 10.595 10.595 11.335 11.854 12.297 12.292 12.44 12.434 12.291 12.102 10.617 10.928 10.678 10.912 10.732 10.742 10.611 10.611 10.611 10.738 11.043 11.029 10.69 10.658 10.611 10.611 11.099 10.397 10.397 10.489 10.58 10.678 10.375 10.501 10.618 10.371 10.543 10.565 10.563 10.673 10.494 10.211 10.229 10.168 10.182 10.296 10.302 9.94 10.576 10.042 10.076 10.244 9.985 9.961 10.055 10.25 10.196 10.17 10.237 10.204 10.266 10.221 10.214 10.272 10.214 10.255 10.348 10.244 10.214 10.342 10.246
11.57 11.508 11.407 11.284 11.467 11.413 11.261 11.274 11.363 11.544 11.439 11.148 11.164 10.617 11.557 10.981 10.818 10.689 10.847 10.841 10.779 10.743 10.858 10.884 10.904 10.614 10.611 10.611 10.611 11.019 10.397 10.527 10.607 10.42 10.943 10.851 10.375 10.426 10.354 10.378 10.273 10.235 10.334 10.102 10.181 10.182 10.353 10.389 8.685 9.94 10.693 10.353 9.992 9.988 9.988 10.024 10.02 10.041 10.109 10.164 10.149 10.198 10.203 10.25 10.214 10.281 10.219 10.454 10.336 10.416 10.363 10.323 10.345 10.313
11.094 10.776 10.776 10.812 10.852 10.713 10.848 11.017 11.017 11.017 11.385 11.248 11.148 11.199 11.051 10.689 10.689 10.689 10.689 10.689 10.689 10.689 10.696 10.689 10.711 10.611 10.611 10.611 10.611 10.942 11.124 10.332 10.192 10.192 10.732 10.813 10.458 10.363 10.356 10.23 10.332 10.172 10.03 9.934 8.783 8.685 8.685 8.685 10.247 10.18 10.147 10.124 10.075 9.988 10.022 10.045 10.02 10.02 10.058 10.118 10.16 10.179 10.179 10.214 10.214 10.27 10.437 10.326 10.198 10.298 10.484 10.462 10.371 10.41
10.789 10.896 10.882 10.776 10.713 10.722 10.748 11.404 11.377 11.4 11.27 11.218 11.175 10.852 10.693 10.689 10.697 11.043 11.088 11.172 10.689 10.689 10.689 10.839 10.982 10.79 10.756 10.774 10.611 10.728 11.432 10.192 10.378 10.243 10.192 10.271 10.392 10.395 10.189 10.189 10.189 10.316 10.424 10.796 8.685 9.353 10.219 10.218 10.208 10.2 10.329 10.423 10.401 10.469 10.459 10.415 10.404 10.457 10.378 10.527 10.505 10.519 10.63 10.905 10.452 10.319 10.324 10.198 10.21 10.353 10.26 10.283 10.379 10.391
10.726 10.726 10.668 10.623 10.593 10.473 10.6 11.205 10.636 10.802 10.584 10.694 10.736 10.73 10.689 10.813 10.803 10.892 11.363 11.053 10.689 10.689 10.956 11.08 11.36 11.269 11.158 11.248 11.214 10.611 11.242 10.192 10.262 10.317 10.199 10.517 10.395 10.223 10.189 10.189 10.326 10.377 10.391 8.685 10.167 10.246 9.932 8.685 8.685 8.685 8.685 8.685 8.685 8.685 8.685 8.685 9.365 9.74 10.094 10.168 10.214 10.187 10.188 10.225 10.26 10.284 10.266 10.228 10.189 10.25 10.231 10.282 10.266 10.355
10.75 10.748 10.606 10.619 10.561 10.473 10.521 10.503 10.418 10.418 10.667 10.529 10.466 10.636 10.695 10.68 10.68 10.734 10.734 11.236 10.801 10.902 11.328 11.47 11.362 11.29 11.275 11.293 10.611 10.611 11.17 10.267 10.192 10.192 10.319 10.192 10.192 10.192 10.44 10.508 10.413 10.458 8.768 8.685 10.142 8.685 8.685 8.685 8.685 8.685 8.685 8.685 8.685 8.685 8.685 8.685 8.685 8.685 8.685 9.26 10.169 10.174 10.186 10.312 10.212 10.289 10.244 10.228 10.189 10.214 10.261 10.266 10.272 10.276
10.61 10.578 10.579 10.53 10.537 10.568 10.473 10.471 10.447 10.418 11.192 10.485 10.456 10.473 10.824 10.68 10.888 10.86 10.861 10.785 10.671 10.833 11.336 11.554 11.453 11.43 11.365 10.894 10.611 10.611 10.992 11.523 10.192 10.192 10.192 10.332 10.444 10.325 10.521 10.054 10.516 8.685 8.685 9.781 8.685 8.685 8.685 8.685 8.685 8.685 8.685 8.685 8.685 8.685 8.685 8.685 8.685 8.685 8.685 8.685 8.685 8.685 9.872 10.165 10.289 10.269 10.24 10.189 10.193 10.204 10.24 10.225 10.274 10.267
10.473 10.531 10.499 10.594 10.633 10.568 10.522 10.471 10.425 10.486 10.418 10.437 10.437 10.696 10.68 10.781 10.764 10.739 10.671 10.671 10.671 10.814 11.341 11.393 11.585 11.339 10.981 10.66 10.85 10.833 10.716 11.368 10.192 10.192 10.192 10.446 10.406 10.491 10.24 10.493 8.685 10.078 10.429 8.689 8.685 8.685 8.685 8.685 8.685 8.685 8.685 8.685 8.685 8.685 8.685 8.685 8.685 8.685 8.685 8.685 8.685 8.685 8.685 8.685 10.393 10.233 10.231 10.164 10.173 10.16 10.143 10.223 10.212 10.242
10.485 10.503 10.496 10.456 10.546 10.504 10.463 10.418 10.431 10.418 10.422 10.688 10.712 10.671 10.671 10.671 10.671 10.671 10.842 11.13 10.983 10.951 11.314 11.344 11.145 11.094 11.045 10.624 10.963 10.624 10.624 11.288 10.192 10.192 10.39 10.373 10.476 10.471 10.031 8.685 8.875 10.264 8.685 8.685 8.685 8.685 8.685 8.685 8.685 8.685 8.685 8.685 8.685 8.685 8.685 8.685 8.685 8.685 8.685 8.685 8.685 8.685 8.685 8.685 10.397 10.187 10.164 10.183 10.24 10.221 10.112 10.165 10.181 10.176
10.451 10.465 10.456 10.463 10.466 10.577 10.47 10.418 10.418 10.498 10.525 10.422 10.422 10.791 10.843 10.892 10.993 10.694 10.804 10.947 10.794 10.792 10.834 11.322 11.351 11.387 11.026 10.624 10.624 10.624 10.624 11.123 10.916 10.192 10.393 10.346 10.436 10 10 8.351 10.219 9.968 8.685 8.685 8.685 8.685 8.685 8.685 8.685 8.685 8.685 8.685 8.685 8.685 8.685 8.685 8.685 8.685 8.685 8.685 8.685 8.685 8.685 8.685 10.297 10.207 10.131 10.139 10.135 10.137 10.142 10.087 10.133 10.088
