data/carpenters_dem.asc
ncols         331
nrows         558
xllcorner     287655
yllcorner     3292515
cellsize      30
NODATA_value  -9999
[rows 297 to 329 of 558, columns 148 to 221 of 331]
10.071 10.132 10.151 10.139 10.231 10.311 10.337 10.36 10.396 10.596 10.354 10.363 10.564 10.558 10.569 10.598 10.574 10.574 10.8 10.574 10.574 10.639 10.574 10.574 10.792 10.694 10.636 10.636 10.636 10.804 10.67 10.67 10.67 10.853 10.78 10.85 11.203 10.842 11.052 11.307 11.176 11.301 10.941 11.486 11.238 11.379 11.199 11.012 11.462 11.488 11.431 11.231 11.022 11.064 10.83 10.771 10.912 10.712 10.734 10.704 10.631 10.645 10.595 10.592 10.847 10.723 10.772 10.721 10.77 10.764 10.68 10.665 10.641 10.565
10.121 10.188 10.139 10.164 10.315 10.317 10.328 10.351 10.351 10.351 10.386 10.354 10.474 10.599 10.74 10.76 10.643 10.574 10.596 10.574 10.574 11.799 10.574 10.574 10.723 10.669 10.636 10.636 10.636 10.636 10.74 10.784 10.67 11.017 11.146 11.092 11.219 10.89 10.97 11.266 11.259 11.177 10.941 11.188 10.968 10.968 10.968 10.968 11.052 11.54 11.513 11.248 11.022 11.108 10.754 10.782 10.765 10.708 10.741 10.671 10.655 10.582 10.568 10.524 10.709 10.694 10.704 10.697 10.692 10.668 10.627 10.67 10.614 10.532
10.126 10.121 10.213 10.276 10.342 10.377 10.357 10.363 10.357 10.559 10.621 10.807 10.481 10.653 10.65 10.637 10.574 10.574 10.574 10.574 10.574 10.574 10.574 10.731 10.806 10.636 10.689 10.752 10.832 10.636 10.698 10.998 11.093 11.036 11.077 11.118 11.097 10.997 11.225 11.285 11.096 10.969 10.941 10.968 11.319 11.265 11.358 10.968 10.968 11.501 11.48 11.359 11.078 11.022 10.801 10.699 10.665 10.715 10.612 10.558 10.527 10.543 10.484 10.61 10.476 10.599 10.651 10.591 10.539 10.55 10.593 10.617 10.597 10.605
10.131 10.121 10.269 10.26 10.347 10.346 10.404 10.37 10.366 10.589 10.603 10.601 10.582 10.577 10.574 10.676 10.574 10.574 10.574 10.574 10.611 10.637 10.574 10.636 10.636 10.757 10.699 10.689 10.848 10.971 11.03 11.155 11.214 11.257 11.146 11.073 10.963 10.895 10.618 10.99 11.158 11.107 11.215 11.286 11.271 11.264 11.181 11.027 10.968 11.364 11.595 11.265 11.019 11.064 10.615 10.721 10.56 10.691 10.719 10.522 10.531 10.418 10.399 10.514 10.468 10.481 10.555 10.452 10.498 10.47 10.487 10.504 10.476 10.492
10.178 10.211 10.405 10.292 10.26 10.458 10.337 10.337 10.492 10.605 10.838 10.71 10.609 10.574 10.574 10.625 10.574 10.574 10.574 10.574 10.574 10.574 10.661 10.789 10.636 11.058 11.093 10.689 10.93 11.174 11.262 11.29 11.527 11.338 11.177 11.255 11.057 10.844 10.618 10.765 10.993 11.069 11.223 11.267 10.839 10.839 10.839 11.199 10.968 10.968 11.381 11.019 11.019 11.052 10.609 10.568 10.519 10.604 10.568 10.495 10.436 10.472 10.446 10.399 10.448 10.417 10.468 10.408 10.403 10.408 10.437 10.43 10.402 10.382
10.226 10.463 10.35 10.314 10.299 10.486 10.337 10.337 10.461 10.554 10.51 10.654 10.574 10.574 10.623 10.574 10.714 10.574 10.574 10.574 10.805 10.648 10.752 10.949 11.07 11.244 11.095 10.689 10.916 11.127 11.302 11.501 11.45 11.382 11.298 11.26 11.094 10.759 10.618 10.708 10.933 10.791 10.791 10.791 11.081 11.164 10.839 11.127 11.255 11.159 11.134 11.019 11.13 11.019 10.537 10.689 10.469 10.457 10.454 10.498 10.391 10.361 10.354 10.319 10.345 10.292 10.439 10.405 10.401 10.355 10.344 10.332 10.347 10.297
10.35 10.3 10.405 10.443 10.369 10.361 10.355 10.346 10.337 10.458 10.601 10.571 10.579 10.574 10.574 10.587 10.574 10.721 10.747 10.574 11.107 11.063 10.865 11.118 11.12 11.064 11.163 10.689 10.86 11.218 11.465 11.469 11.514 11.494 11.376 11.33 11.108 10.786 10.618 10.618 10.791 10.826 11.187 10.888 11.022 11.228 10.839 11.236 11.11 11.262 11.094 11.077 11.044 10.659 10.553 10.506 10.514 10.495 10.471 10.454 10.428 10.393 10.338 10.311 10.292 10.341 10.408 10.301 10.383 10.219 10.194 10.185 10.197 10.197
10.3 10.449 10.411 10.379 10.646 10.562 10.346 10.332 10.342 10.546 10.699 10.445 10.596 10.574 10.574 10.731 10.574 11.144 10.995 10.994 10.697 10.951 10.988 11.054 10.825 10.871 10.821 10.689 10.848 10.893 11.074 11.302 11.553 11.476 11.285 11.405 11.085 10.849 10.618 10.618 10.93 10.943 11.143 10.961 11.097 11.181 10.839 11.122 11.215 11.034 10.967 11 10.987 10.881 10.491 10.491 10.53 10.443 10.356 10.356 10.399 10.342 10.334 10.269 10.28 10.394 10.194 10.181 10.143 10.14 10.134 10.221 10.328 10.325
10.404 10.36 10.356 10.356 10.425 10.507 10.445 10.47 10.332 10.332 10.418 10.418 10.605 10.574 10.847 11.267 11.055 10.909 10.81 10.697 11.027 10.731 10.697 10.697 11.092 11.244 11.238 10.689 10.689 11.129 11.131 11.32 11.386 11.494 11.245 11.264 11.128 10.807 10.618 10.618 11.017 10.93 11.064 10.93 10.945 11.192 10.839 11.067 10.906 10.966 10.966 11.036 11.132 11.032 10.547 10.554 10.472 10.463 10.391 10.366 10.356 10.335 10.313 10.243 10.382 10.252 10.111 10.121 10.017 10.066 10.06 10.115 10.033 10.087
10.396 10.451 10.379 10.504 10.356 10.198 10.206 10.332 10.332 10.439 10.513 10.418 11.158 11.267 11.044 10.697 10.697 10.697 10.697 11.011 11.123 11.127 10.761 10.697 10.779 10.779 11.35 10.689 10.983 11.091 11.178 11.135 11.34 11.389 11.441 11.162 11.077 10.791 10.618 10.618 10.973 10.93 11.1 10.93 11.162 11.217 10.839 10.856 11.268 11.025 11.091 11.251 10.982 11.194 10.889 10.61 10.464 10.628 10.479 10.411 10.457 10.409 10.284 10.256 10.215 10.218 10.412 10.044 10.017 10.057 10.017 10.017 10.017 10.017
10.076 10.076 10.082 10.197 10.198 10.198 10.198 10.488 10.332 10.759 11.226 11.137 10.918 11.049 10.764 10.697 11.095 10.927 10.697 10.697 11.119 10.959 10.697 10.828 11.144 10.789 10.981 10.702 11.376 11.299 11.182 11.37 11.077 11.077 11.077 11.077 11.092 10.876 10.618 10.618 11.083 10.93 11.033 10.93 11.245 11.291 10.839 11.213 11.132 11.251 11.274 11.529 10.982 11.191 10.912 10.753 10.583 10.512 10.495 10.567 10.416 10.278 10.226 10.224 10.258 10.215 10.182 10.017 10.017 10.017 10.017 10.037 10.017 10.034
10.163 10.093 10.082 10.149 10.235 10.34 10.198 10.7 10.769 10.962 10.972 10.648 10.559 11.113 10.975 10.717 10.878 10.959 11.154 11.015 10.697 10.697 10.697 11.01 11.119 10.772 11.129 10.761 11.421 11.102 11.102 11.123 11.328 11.432 11.296 11.077 11.157 10.813 10.618 10.618 10.97 10.93 10.991 10.93 11.058 11.205 10.839 11.09 11.153 11.132 11.278 11.298 10.982 10.982 10.927 10.667 10.582 10.425 10.425 10.304 10.418 10.176 10.139 10.158 10.058 10.017 10.017 10.018 10.075 10.035 10.067 10.017 10.034 10.017
10.101 10.05 10.122 10.278 10.21 10.572 10.476 10.198 10.198 10.709 10.38 10.559 10.869 10.922 10.686 10.686 10.686 10.686 10.925 10.949 11.082 10.966 10.697 11.04 10.772 10.772 11.092 10.951 11.189 11.241 11.102 11.148 11.123 11.142 11.53 11.463 11.308 10.618 10.618 10.635 11.263 10.93 10.93 10.93 11.144 11.124 10.839 11.181 11.319 11.132 11.225 11.035 10.982 11.143 11.152 10.676 10.657 10.475 10.274 10.271 10.263 10.139 10.162 10.202 10.123 10.066 10.018 10.017 10.114 10.12 10.017 10.017 10.017 10.169
10.029 10.296 10.05 10.545 10.443 10.198 10.198 10.483 10.321 10.198 10.208 10.783 10.938 10.775 10.686 11.068 10.968 10.988 10.686 10.686 10.982 11.235 11.105 10.697 10.796 10.772 10.948 11.121 10.951 11.351 11.102 11.362 11.353 11.396 11.115 11.008 11.121 11.136 10.618 11.239 11.135 11.157 11.255 10.93 10.93 11.167 10.839 11.097 11.236 11.198 11.217 11.437 11.128 11.282 11.045 10.733 10.528 10.439 10.263 10.298 10.168 10.128 10.062 10.542 10.042 10.017 10.017 10.05 10.038 10.017 10.017 10.019 10.16 10.128
10.115 10.343 10.386 10.135 10.396 10.515 10.508 10.615 10.419 10.198 10.57 10.877 10.686 10.686 10.686 10.872 11.112 11.097 11.029 11.045 10.686 10.997 10.921 10.856 11.077 10.899 10.773 11.26 10.951 11.287 11.102 11.252 11.266 11.378 11.383 11.103 11.008 10.832 10.618 10.67 11.18 10.93 10.93 11.332 11.303 11.067 10.839 11.142 11.179 11.047 11.288 11.351 11.278 11.201 11.116 10.771 10.691 10.418 10.301 10.18 10.099 10.14 10.11 10.03 10.057 10.069 10.087 10.079 10.017 10.077 10.073 10.479 10.878 10.845
10.129 9.893 10.424 9.811 10.446 10.644 10.567 10.514 10.781 10.467 10.484 10.467 10.704 10.747 10.935 11.008 10.804 10.804 11.078 11.398 11.049 10.686 10.686 11.09 11.123 10.773 10.773 11.177 10.951 11.213 10.887 11.028 11.028 11.115 11.363 11.4 11.403 11.287 10.618 10.636 11.058 10.938 11.327 11.304 11.067 11.394 11.326 11.045 10.958 10.958 11.297 11.271 11.012 11.174 11.137 10.724 10.691 10.509 10.301 10.204 10.131 10.08 10.062 10.03 10.034 10.049 9.983 10.089 10.044 10.017 10.292 10.472 10.914 10.864
10.211 10.171 9.787 10.213 10.035 10.529 10.426 10.101 10.526 10.648 10.467 10.467 10.842 11.149 11.142 11.197 11.129 11.047 10.804 10.994 10.806 10.804 10.686 11.026 11.26 10.773 10.773 11.134 11.146 11.23 10.887 11.37 11.337 11.31 11.432 11.463 11.336 11.525 10.618 10.739 11.072 11.094 11.277 11.067 11.1 11.543 11.045 11.533 11.214 11.183 10.958 10.678 10.645 11.107 11.189 10.77 10.593 10.518 10.415 10.219 10.169 10.111 9.99 9.986 10.02 9.992 9.968 10.002 10.083 10.017 10.391 10.6 10.857 10.787
9.787 9.787 9.787 10.335 9.945 10.405 10.346 10.101 10.499 10.691 10.601 10.467 10.467 10.467 10.467 10.827 11.177 11.183 11.093 10.804 10.804 11.099 10.995 10.972 11.385 11.021 10.773 11.13 11.159 11.22 10.785 11.32 11.311 11.11 11.443 11.487 11.404 11.455 10.618 10.733 11.098 11.198 11.429 11.131 11.25 11.434 11.592 11.045 11.263 10.958 11.362 11.22 11.04 10.645 10.541 10.508 10.589 10.398 10.393 10.233 10.105 10.107 9.986 9.986 9.986 9.986 9.968 10.062 9.972 10.037 9.989 10.36 9.87 9.87
10.117 9.991 9.985 9.715 9.917 9.715 10.344 10.336 9.946 10.498 10.777 10.729 10.886 11.056 10.93 11.188 10.804 11.18 10.804 10.804 10.804 10.996 10.972 10.972 11.138 11.102 10.773 11.112 11.002 11.002 10.785 11.329 11.266 11.078 11.366 11.201 11.338 11.225 10.618 10.76 11.115 11.22 11.376 11.168 11.245 11.302 11.324 11.045 11.245 11.601 11.341 11.04 11.087 11.332 10.754 10.605 10.475 10.503 10.281 10.253 10.193 10.098 9.986 10.021 9.988 10.019 9.981 9.968 9.995 9.989 10.184 10.156 9.87 9.87
9.849 9.715 9.914 9.715 9.715 9.777 9.985 9.946 10.405 9.973 10.523 10.653 10.874 10.95 10.939 11.251 11.086 10.804 11.054 11.147 10.975 11.075 11.197 10.972 11.114 11.174 10.79 11.121 11.027 11.103 10.785 11.312 11.28 11.078 11.078 11.078 11.23 11.144 10.618 10.634 11.083 11.22 11.246 11.168 11.177 11.152 11.178 11.045 11.226 11.274 11.327 11.69 11.523 11.227 10.56 10.482 10.385 10.372 10.278 10.19 10.119 10.073 10.016 9.991 10.002 9.98 10.002 9.968 9.968 9.977 9.97 9.986 9.934 10.194
10.32 10.3 9.715 9.817 9.715 10.068 9.715 10.222 10.416 10.552 10.798 10.654 10.653 10.653 11.072 11.437 10.867 11.252 10.871 10.71 11.182 11.027 11.358 11.102 11.194 11.217 10.79 11.133 11.16 11.259 10.785 11.249 11.255 11.078 11.371 11.089 11.395 11.241 10.618 10.723 11.162 11.089 11.24 11.168 11.224 11.152 11.158 11.045 11.231 11.203 11.37 11.607 11.227 11.391 10.599 10.47 10.362 10.326 10.191 10.184 10.098 10.044 10.006 10.013 9.984 11.425 9.98 9.992 9.981 9.968 9.942 9.914 9.9 9.87
10.049 10.131 10.195 9.863 9.715 9.715 10.057 9.793 10.161 10.601 10.877 10.965 11.221 10.653 11.162 11.21 10.538 11.322 10.71 10.71 11.009 10.842 11.279 11.329 11.269 11.084 10.79 11.042 11.101 11.335 10.785 11.413 11.326 11.078 11.386 11.34 11.273 11.326 10.618 10.751 11.066 11.204 11.305 11.395 11.347 11.265 11.131 11.045 11.152 11.207 11.455 11.579 11.431 11.484 10.719 10.466 10.344 10.22 10.227 10.17 10.145 10.139 10.063 10.002 12.16 12.273 12.1 12.071 10.001 10.011 9.998 9.926 9.774 9.854
10.184 9.848 10.202 9.715 9.948 9.715 9.715 10.319 10.136 10.136 10.136 11.198 11.115 10.653 10.95 11.074 10.538 11.185 10.71 10.71 11.039 10.842 10.842 11.149 11.092 10.828 10.79 10.934 11.094 11.251 10.785 11.395 11.19 11.078 11.42 11.379 11.273 11.314 10.618 10.727 11.088 11.045 11.045 11.045 11.045 11.045 11.045 11.045 11.045 11.045 11.045 11.045 11.045 11.311 10.712 10.408 10.272 10.223 10.222 10.236 10.141 10.098 10.119 10.101 12.196 12.192 12.086 12.125 12.022 12 10.453 9.879 9.738 9.816
10.139 9.594 9.954 9.887 9.715 9.981 9.715 9.832 10.606 10.611 10.569 10.998 11.241 11.297 10.677 10.538 11.076 11.194 10.71 10.71 11.1 10.931 11.188 10.84 10.84 11.006 10.96 11.074 11.089 11.195 10.785 11.356 11.283 11.078 11.543 11.406 11.341 11.299 10.618 10.677 11.148 11.202 11.182 11.305 11.285 11.244 11.22 11.106 11.322 11.546 11.489 11.58 11.589 11.754 10.752 10.371 10.381 10.293 10.239 10.256 10.143 10.164 10.159 10.126 10.17 10.136 12.048 12.064 12.001 11.884 10.274 9.877 9.706 9.734
10.21 9.934 9.594 9.594 9.474 10.068 9.882 9.975 9.857 9.857 10.385 10.533 10.622 10.868 10.534 10.439 10.858 10.71 11.068 10.923 10.71 10.882 10.867 10.84 10.84 10.84 10.84 10.84 10.87 11.176 10.785 11.194 11.135 11.078 11.416 11.373 11.207 11.22 10.618 10.749 11.156 11.214 11.211 11.193 11.34 11.216 11.196 11.065 11.299 11.354 11.56 11.392 11.555 11.659 10.712 10.421 10.387 10.36 10.29 10.299 10.213 10.205 10.208 10.13 10.177 10.136 10.143 10.084 11.099 10.716 10.343 9.902 9.706 9.706
10.074 9.992 9.827 9.622 9.863 9.474 9.525 10.078 10.301 10.413 10.607 10.612 10.769 10.815 10.665 10.439 10.849 11.135 11.02 10.71 11.115 10.945 11.075 10.84 10.926 11.11 11.089 11.121 11.019 11.184 10.785 11.433 11.317 11.078 11.43 11.175 11.175 11.175 10.816 10.618 10.584 10.584 10.584 10.584 10.584 10.584 10.584 10.584 10.584 10.584 10.584 10.584 10.719 11.459 10.858 10.467 10.342 10.327 10.319 10.33 10.27 10.218 10.167 10.192 10.144 10.132 10.138 10.104 10.073 10.031 10.486 9.786 9.706 9.706
10.242 9.993 9.379 9.94 9.442 9.808 9.93 9.525 9.83 9.945 10.004 10.13 10.293 10.293 10.293 10.293 10.293 10.63 10.428 9.077 10.84 10.84 10.84 10.84 10.84 10.84 10.84 11.134 11.004 11.427 10.785 11.437 11.444 11.078 11.478 11.381 11.359 11.42 10.34 10.584 10.996 10.967 11.012 10.943 11.086 11.072 11.054 11.034 11.209 11.355 11.222 11.34 11.462 11.492 10.747 10.41 10.331 10.319 10.324 10.343 10.279 10.244 10.232 10.185 10.194 10.125 10.074 10.041 9.977 10.001 10.119 9.903 9.706 9.764
10.079 9.323 10.017 9.316 7.764 10.074 10.065 10.135 10.367 10.333 10.356 10.605 10.491 10.491 10.62 10.776 10.707 10.793 10.357 9.077 10.882 10.84 10.915 11.001 11.077 10.958 10.84 11.015 10.992 11.496 10.785 11.376 11.427 11.078 11.488 11.424 11.262 11.442 10.34 10.65 11.268 11.092 11.088 11.092 11.241 11.197 11.248 10.991 11.032 11.106 11.16 11.2 11.226 11.237 10.689 10.379 10.346 10.411 10.365 10.345 10.332 10.299 10.208 10.167 10.167 10.074 10.097 10.004 9.984 9.974 9.961 10.117 10 9.948
9.654 10.135 9.082 7.764 9.074 10.108 9.88 10.31 10.352 10.401 10.447 10.542 10.631 10.739 10.689 10.717 10.732 10.818 10.795 9.077 10.938 10.84 10.84 10.98 11.077 11.16 10.84 11.182 10.783 11.392 10.785 11.374 11.412 11.078 11.427 11.427 11.262 11.353 10.34 10.691 10.698 10.839 10.839 10.916 10.957 11.039 10.991 10.991 10.991 10.991 10.991 10.991 10.991 10.939 10.614 10.405 10.449 10.361 10.384 10.385 10.327 10.312 10.265 10.217 10.173 10.107 10.193 10.029 9.95 9.952 9.983 10.041 9.908 9.934
9.791 10.085 7.764 7.764 9.936 9.88 10.241 10.508 10.11 10.11 10.11 10.11 10.11 10.118 10.118 10.159 10.159 10.816 10.475 9.077 10.986 10.84 10.84 10.84 10.84 11.048 10.84 11.212 10.783 11.356 10.785 11.454 11.414 11.078 11.11 11.325 11.262 11.393 10.34 10.734 11.37 11.256 11.267 11.299 11.437 11.282 11.292 11.028 11.259 11.413 11.451 11.427 11.322 11.02 10.405 10.477 10.371 10.356 10.348 10.311 10.304 10.326 10.252 10.191 10.152 10.113 10.061 10.115 9.944 9.931 9.938 10.349 9.889 9.881
10.175 9.389 7.764 9.08 9.99 9.779 10.318 10.342 10.11 10.248 10.379 10.11 10.521 10.545 10.335 10.636 10.815 10.935 10.524 9.077 10.961 10.84 10.971 10.84 11.022 11.101 10.856 11.075 10.739 10.785 10.785 11.498 11.443 11.078 11.38 11.262 11.262 11.416 10.34 10.715 10.715 10.972 10.958 10.973 11.063 11.073 11.041 10.859 10.959 11.065 11.133 11.086 11.061 10.943 10.482 10.421 10.445 10.396 10.387 10.321 10.377 10.279 10.303 10.257 10.18 10.1 10.034 9.944 9.93 9.987 9.922 9.881 9.881 9.881
10.128 7.764 7.764 9.729 9.779 10.054 10.445 10.11 10.42 10.56 10.497 10.388 10.668 10.464 10.753 10.892 10.782 10.905 10.544 9.077 10.911 10.84 11.066 10.914 11.018 11.15 10.856 11.032 10.739 11.373 10.785 11.534 11.484 11.078 11.411 11.43 11.266 11.435 10.34 10.745 10.746 10.958 11.017 11.049 11.031 11.247 10.859 10.902 11.019 11.001 11.128 11.168 11.22 11.21 10.451 10.437 10.442 10.398 10.38 10.3 10.295 10.324 10.303 10.306 10.258 10.125 10.059 10.029 9.963 9.92 9.938 9.908 9.881 9.881
10.115 7.764 7.764 10.115 9.678 10.31 10.474 10.087 10.381 10.492 10.319 10.568 10.582 10.444 10.696 10.892 10.547 10.937 10.45 8.685 10.894 10.84 10.921 11.019 11.071 11.191 10.856 11.066 10.739 11.413 10.785 11.456 11.499 11.078 11.468 11.369 11.266 11.393 10.34 10.72 10.858 10.912 10.881 10.879 10.859 10.859 11.271 10.952 11.156 11.084 11.157 11.02 11.195 11.188 10.529 10.478 10.439 10.38 10.399 10.36 10.294 10.277 10.263 10.228 10.169 10.081 10.052 9.986 9.938 9.951 9.881 9.881 9.881 9.885
