data/carpenters_dem.asc
ncols         331
nrows         558
xllcorner     287655
yllcorner     3292515
cellsize      30
NODATA_value  -9999
[rows 396 to 428 of 558, columns 148 to 221 of 331]
9.196 9.266 9.166 9.256 9.229 9.322 9.295 9.283 8.805 9.169 9.12 9.046 9.025 8.981 9.041 9.213 9.132 9.017 9.095 9.142 9.025 8.58 8.798 8.828 8.996 8.981 8.822 9.01 9.047 8.959 8.991 8.92 9.009 8.489 8.859 9.047 9.047 9.138 9.139 9.372 9.257 9.214 9.194 9.171 9.039 8.884 9.28 9.221 9.128 8.938 8.761 8.79 8.616 8.611 8.479 8.439 7.947 7.667 7.661 7.633 7.544 7.544 7.544 7.971 8.236 8.845 8.975 8.975 9.232 9.129 9.229 9.229 9.329 9.403
8.532 8.532 8.486 8.454 8.454 8.49 8.649 8.902 8.795 8.716 8.746 8.618 8.618 8.618 8.669 8.722 8.632 8.602 8.567 8.607 8.726 8.58 8.642 8.558 8.451 8.451 8.451 8.57 8.722 8.663 8.81 8.729 8.798 8.421 8.635 8.913 8.903 8.889 8.907 8.873 8.72 8.894 9.012 8.917 9.007 8.884 9.045 8.93 8.956 8.82 8.498 8.637 8.442 8.302 8.224 8.08 7.79 7.544 7.559 7.544 7.544 7.544 7.544 8.253 8.575 8.884 8.926 9.217 9.113 8.564 9.388 9.387 9.259 9.317
9.107 8.833 8.98 8.992 8.454 9.258 9.132 9 9.102 8.716 8.903 8.761 8.618 8.775 8.818 8.718 8.843 8.567 8.69 8.712 8.587 8.729 8.58 8.451 8.451 8.451 8.451 8.451 8.419 8.419 8.419 8.419 8.419 8.611 8.506 8.541 8.677 8.583 8.545 8.545 8.545 8.545 8.52 8.52 8.52 8.52 8.52 8.417 8.417 8.373 8.333 8.178 8.045 7.916 7.797 7.588 7.544 7.544 7.544 7.544 7.544 7.544 7.544 7.789 7.836 8.054 8.24 8.339 8.478 8.499 8.618 8.738 8.788 8.788
9.073 8.938 9.1 8.973 8.454 9.289 9.17 8.951 9.149 8.716 8.975 9.027 8.618 9.203 9.043 8.981 8.984 8.567 8.864 8.821 8.587 8.851 8.706 8.661 8.712 8.451 8.787 8.687 8.419 8.76 8.419 8.491 8.772 8.419 8.825 9.086 8.486 9.079 9.138 8.638 9.031 9.219 8.575 9.18 9.085 8.935 9.129 8.417 8.76 8.657 7.859 8.427 8.243 7.979 8.201 8.015 7.544 7.88 7.727 7.561 7.544 8.26 7.721 7.851 8.327 8.713 8.097 8.894 9.043 8.478 9.388 9.165 9.15 9.396
9.154 8.938 9.221 8.956 8.454 9.157 9.057 8.951 9.015 8.716 9.002 8.985 8.618 9.177 8.971 8.906 9.056 8.567 8.942 8.958 8.587 8.888 8.661 8.798 8.825 8.451 8.833 8.667 8.419 8.664 8.425 8.599 8.703 8.294 8.74 8.871 8.486 8.912 9.115 8.855 8.975 9.183 8.632 9.137 9.239 8.964 9.115 8.56 8.76 8.614 7.681 8.332 8.067 7.65 7.912 7.544 7.959 7.951 7.856 7.369 7.773 8.267 7.941 8.024 8.412 8.712 8.19 8.753 9.04 8.478 9.274 9.082 9.278 9.345
9.304 8.938 9.283 9.019 8.454 9.142 9.042 8.951 9.056 8.716 8.945 8.969 8.618 9.158 9.042 8.906 9.006 8.567 8.941 8.903 8.606 8.737 8.801 8.811 9.002 8.451 8.753 8.608 8.551 8.609 8.425 8.639 8.602 8.237 8.587 8.686 8.486 8.843 8.925 8.825 9.002 9.169 8.685 9.064 8.98 8.785 8.909 8.366 8.624 8.448 7.467 8.128 7.81 7.544 7.544 7.745 7.877 7.75 7.369 7.709 7.898 7.734 7.833 7.732 8.428 8.679 8.266 8.844 8.859 8.478 9.092 9.045 9.243 9.293
9.265 8.951 9.292 9.125 8.454 9.059 8.952 8.934 8.987 8.541 8.988 8.927 8.618 9.173 8.829 8.881 8.894 8.567 9.021 8.824 8.7 8.764 8.704 8.717 8.842 8.451 8.826 8.563 8.551 8.593 8.453 8.683 8.735 8.237 8.536 8.809 8.453 8.885 8.756 8.623 8.962 8.981 8.684 8.914 8.835 8.634 8.681 8.363 8.583 8.327 7.412 7.883 7.544 7.544 7.688 7.886 7.614 7.423 7.877 7.369 7.583 7.654 7.37 8.199 8.252 8.64 8.305 8.961 8.941 8.478 8.966 8.996 9.286 9.36
9.125 8.995 9.191 9.123 8.454 9.056 9.02 8.76 8.878 8.541 8.942 8.888 8.618 9.03 8.861 8.791 8.874 8.567 8.845 8.747 8.567 8.704 8.711 8.769 8.891 8.451 8.901 8.747 8.683 8.719 8.478 8.733 8.564 8.237 8.482 8.584 8.272 8.759 8.679 8.598 8.931 9.019 8.584 8.857 8.81 8.725 8.634 8.276 8.435 8.189 7.273 7.653 7.544 7.795 7.88 7.489 7.576 7.796 7.21 7.601 7.65 7.37 8.355 8.317 8.376 8.691 8.305 8.848 8.974 8.524 9.073 8.966 9.206 9.213
9.082 8.824 9.179 9.067 8.385 8.937 8.863 8.693 8.803 8.541 8.851 8.777 8.618 8.949 8.799 8.791 8.886 8.567 8.813 8.812 8.567 8.694 8.642 8.697 8.814 8.451 8.811 8.677 8.577 8.737 8.478 8.649 8.623 8.235 8.67 8.617 8.212 8.647 8.569 8.589 8.846 8.812 8.465 8.79 8.743 8.586 8.548 8.155 8.365 8.143 7.246 7.749 7.977 7.86 7.164 7.408 7.825 6.623 7.637 7.476 7.37 8.075 8.269 8.299 8.283 8.711 8.305 8.842 9.069 8.524 9.145 8.966 9.174 9.255
8.937 8.583 9.076 8.994 8.385 8.934 8.74 8.682 8.744 8.541 8.691 8.618 8.618 8.91 8.75 8.738 8.838 8.567 8.776 8.701 8.567 8.69 8.497 8.542 8.684 8.451 8.777 8.761 8.627 8.498 8.478 8.6 8.737 8.221 8.759 8.676 8.212 8.619 8.566 8.369 8.765 8.726 8.384 8.686 8.64 8.359 8.481 8.061 8.295 7.952 7.216 7.952 7.913 7.106 6.839 7.708 6.623 7.444 7.477 7.37 7.907 8.19 8.248 8.283 8.319 8.683 8.312 8.735 9.013 8.64 9.165 9.067 9.097 9.336
8.792 8.583 8.88 8.961 8.385 9.065 8.885 8.671 8.687 8.541 8.788 8.63 8.618 8.758 8.738 8.857 8.809 8.567 8.693 8.633 8.567 8.716 8.497 8.61 8.708 8.451 8.741 8.767 8.478 8.485 8.478 8.478 8.738 8.212 8.683 8.596 8.212 8.554 8.423 8.24 8.617 8.559 8.212 8.573 8.503 8.369 8.279 8.061 8.274 7.75 7.142 7.553 7.056 7.364 7.738 6.623 7.388 7.47 7.342 7.764 7.843 8.007 8.183 8.332 8.403 8.661 8.312 8.696 9.011 8.671 9.247 9.071 9.146 9.275
8.208 8.349 8.385 8.385 8.385 8.86 8.698 8.541 8.541 8.541 8.618 8.618 8.618 8.618 8.618 8.647 8.791 8.567 8.567 8.567 8.567 8.671 8.451 8.451 8.451 8.451 8.845 8.859 8.478 8.478 8.478 8.478 8.638 8.212 8.314 8.394 8.212 8.365 8.272 8.212 8.212 8.212 8.212 8.37 8.335 7.965 7.965 7.965 8.156 7.656 6.997 6.997 7.448 7.706 6.623 7.356 6.683 6.811 7.01 7.164 7.292 7.457 7.549 7.66 8.188 8.609 8.312 8.431 8.655 8.655 9.262 9.153 8.987 8.945
8.536 8.797 8.802 8.769 8.836 8.68 8.83 8.762 8.541 8.722 8.799 8.654 8.843 8.763 8.867 8.976 8.911 9.022 8.888 8.843 8.85 8.567 8.673 8.677 8.809 8.878 8.995 8.848 8.86 8.731 8.633 8.497 8.534 8.212 8.713 8.713 8.458 8.212 8.212 8.38 8.386 8.324 8.467 8.212 8.395 8.123 8.2 8.296 7.965 7.745 6.997 7.326 7.312 6.623 7.423 7.453 7.595 7.443 7.736 7.905 8.064 8.022 8.168 8.22 8.375 8.579 8.719 8.772 8.982 9.006 9.29 9.034 9.185 9.263
9.054 8.669 8.736 8.736 8.803 8.82 8.503 8.791 8.483 9.214 9.019 9.735 8.483 8.483 8.779 8.776 8.776 9.546 9.64 8.837 9.203 9.475 8.384 9.256 9.343 8.921 9.104 9.012 8.971 9.046 8.551 8.471 8.714 8.212 8.212 8.212 8.212 8.212 8.212 8.212 8.212 8.212 8.22 8.388 8.212 7.985 7.832 7.9 7.73 7.845 7.613 6.913 6.623 6.623 6.866 6.87 6.866 7.157 7.799 7.91 8.074 8.028 8.024 8.288 8.291 8.444 8.609 8.751 8.803 9.058 9.128 9.021 9.046 8.889
8.806 8.867 8.862 8.822 8.97 9.152 8.956 8.503 8.483 8.483 8.483 8.483 8.614 8.634 8.885 8.776 9.07 8.852 8.728 8.728 8.623 8.449 8.385 8.384 8.386 8.313 8.357 8.472 8.673 8.313 8.643 8.212 8.387 8.212 8.577 8.407 8.212 8.212 8.212 8.212 8.268 8.281 8.422 8.348 7.996 7.902 7.971 7.832 7.992 7.73 7.412 6.756 6.661 6.623 6.73 6.884 6.866 7.391 7.899 7.992 8.206 8.146 8.183 8.3 8.283 8.384 8.462 8.676 8.698 8.846 9.053 9.017 9.032 8.925
8.542 8.876 8.817 8.72 9.228 8.89 8.591 8.545 8.483 8.483 8.483 8.483 8.608 8.608 8.787 8.776 9.021 8.804 8.772 8.75 8.65 8.528 8.454 8.316 8.347 8.395 8.313 8.35 8.431 8.313 8.411 8.212 8.382 8.212 8.43 8.445 8.212 8.212 8.212 8.212 8.212 8.297 8.212 8.293 7.99 7.935 8.138 7.864 7.744 7.521 7.17 6.728 6.623 6.794 7.072 6.633 6.866 7.38 7.735 8.051 8.309 8.216 8.146 8.15 8.408 8.472 8.57 8.562 8.617 8.823 9.125 8.855 8.826 8.707
8.616 8.695 8.708 8.657 8.535 8.759 8.59 8.683 8.483 8.483 8.483 8.483 8.794 8.608 8.84 8.776 8.874 8.84 8.93 8.76 8.595 8.741 8.468 8.342 8.313 8.329 8.313 8.431 8.313 8.332 8.338 8.212 8.212 8.212 8.379 8.247 8.212 8.212 8.212 8.212 8.212 8.212 8.271 8.38 8.099 8.11 8.1 7.936 7.749 7.282 7.139 6.715 6.577 6.827 7.359 6.577 6.843 7.483 7.797 8.061 8.341 8.302 8.278 8.305 8.41 8.585 8.566 8.455 8.732 8.742 8.802 8.761 8.762 8.785
8.63 8.683 8.684 8.581 8.535 8.614 8.47 8.615 8.651 8.759 8.483 8.483 8.685 8.616 8.74 8.827 8.766 8.721 9.109 8.664 8.684 8.518 8.566 8.412 8.45 8.313 8.313 8.313 8.386 8.297 8.405 8.23 8.294 8.212 8.27 8.252 8.245 8.313 8.212 8.212 8.229 8.227 8.29 8.284 8.195 8.099 8.196 7.967 7.798 7.286 6.86 6.703 6.577 6.579 6.577 6.577 7.216 7.584 7.838 8.23 8.423 8.432 8.348 8.311 8.359 8.3 8.333 8.3 8.841 8.738 8.527 8.756 8.658 8.811
8.614 8.731 8.763 8.67 8.565 8.535 8.47 8.565 8.688 8.564 8.554 8.483 8.552 8.661 8.753 8.752 8.66 8.549 9.886 8.764 8.677 8.614 8.447 8.313 8.313 8.313 8.381 8.441 8.519 8.339 8.297 8.334 8.61 8.212 8.269 8.385 8.245 8.263 8.305 8.212 8.359 8.308 8.401 8.367 8.257 8.235 8.115 7.979 7.661 7.329 6.875 6.577 6.635 6.577 6.586 6.577 7.008 7.578 7.997 8.063 8.258 8.409 8.695 8.3 8.3 8.323 8.3 8.494 8.627 8.48 8.545 8.863 8.674 8.646
8.602 8.775 8.547 8.787 8.519 8.657 8.47 8.48 8.505 8.58 8.483 8.483 8.535 8.449 8.42 8.42 8.506 8.506 8.627 8.402 8.668 8.313 8.313 8.313 8.42 8.313 8.313 8.436 8.462 8.39 8.494 8.572 8.225 8.238 8.212 8.391 8.328 8.528 8.524 8.582 8.667 8.63 8.548 8.552 8.482 8.389 8.313 7.975 7.739 7.405 6.948 6.579 6.577 6.577 6.577 6.723 7.126 7.403 7.907 8.089 8.026 8.278 8.397 8.3 8.482 8.52 8.31 8.503 8.509 8.357 8.423 8.307 8.646 8.613
8.672 8.524 8.658 8.519 8.72 8.536 8.47 8.781 8.499 8.677 8.576 8.483 8.616 8.583 8.511 8.42 8.555 8.651 8.737 8.569 8.402 8.634 8.374 8.41 8.546 8.313 8.426 8.415 8.332 8.403 8.403 8.59 8.578 8.386 8.306 8.514 8.461 8.553 8.418 8.418 8.335 8.278 8.526 8.278 8.139 8.211 8.196 7.86 7.616 7.341 7.244 6.774 6.636 6.577 6.577 6.577 6.577 7.282 7.703 7.98 7.928 8.049 8.145 8.145 8.342 8.376 8.348 8.31 8.576 8.427 8.276 8.496 8.501 8.35
8.615 8.524 8.668 8.514 8.575 8.48 8.47 8.627 8.751 8.641 8.499 8.45 8.534 8.473 8.46 8.42 8.456 8.815 8.589 8.458 8.548 8.426 8.444 8.334 8.334 8.343 8.42 8.469 8.332 8.598 8.542 8.501 8.614 8.484 8.465 8.53 8.766 8.631 8.418 8.507 8.358 8.205 8.085 8.022 8.022 8.267 8.325 7.799 7.623 7.531 6.871 6.934 7.15 6.577 6.608 6.625 6.577 7.029 7.478 7.768 7.959 8.107 8.18 8.158 8.207 8.37 8.369 8.381 8.462 8.28 8.257 8.874 9.609 8.272
8.586 8.514 8.514 8.562 8.514 8.475 8.438 8.489 8.513 8.456 8.476 8.489 8.428 8.489 8.907 8.681 8.36 8.497 8.46 8.327 8.419 8.266 8.524 8.334 8.415 8.477 8.479 8.332 8.373 8.332 8.446 8.531 8.663 8.552 8.426 8.52 8.673 8.837 8.49 8.479 8.373 8.273 8.079 8.022 8.022 8.022 8.336 7.901 7.504 7.303 7.078 6.912 6.878 6.577 6.577 6.577 6.607 6.78 7.361 7.853 7.898 8.006 8.088 8.172 8.129 7.989 7.989 8.045 8.848 8.558 8.177 8.514 8.397 8.295
8.778 8.75 8.647 8.599 8.488 8.467 8.412 8.369 8.404 8.417 8.524 8.457 8.411 8.47 8.41 8.456 8.667 8.36 8.391 8.374 8.284 8.22 8.46 8.339 8.401 8.375 8.375 8.332 8.332 8.332 8.332 8.459 8.714 8.61 8.426 8.426 8.426 8.435 8.417 8.339 8.296 8.313 8.022 8.255 8.069 8.289 8.02 7.617 7.303 7.327 7.254 7.049 7.013 6.577 6.577 6.891 6.702 6.74 6.907 7.658 7.751 7.895 8 8.008 7.731 8.316 8.268 7.989 8.075 8.177 8.296 8.23 8.188 8.307
8.78 8.595 8.656 8.557 8.634 8.596 8.472 8.389 8.365 8.359 8.397 8.343 8.352 8.238 8.601 8.35 8.642 8.382 8.347 8.217 8.3 8.216 8.336 8.259 8.382 8.446 8.556 8.451 8.532 8.477 8.332 8.412 8.554 8.544 8.426 8.597 8.426 8.478 8.296 8.296 8.649 8.386 8.11 8.022 8.236 8.095 7.872 7.598 7.381 7.367 7.185 6.942 6.902 6.577 6.848 6.682 6.129 6.129 6.717 7.25 7.637 7.437 7.991 7.731 7.855 7.979 8.058 8.038 8.12 8.105 8.154 8.14 8.302 8.53
8.835 8.541 8.577 8.576 8.763 8.55 8.454 8.365 8.617 8.42 8.265 8.284 8.26 8.238 8.35 8.35 8.35 8.391 8.217 8.22 8.261 8.205 8.345 8.259 8.519 8.537 8.495 8.385 8.301 8.332 8.535 8.531 8.67 8.545 8.426 8.426 8.426 8.514 8.413 8.479 8.468 8.551 8.095 8.446 8.106 8.244 7.914 7.484 7.454 7.185 7.19 7.079 6.84 6.873 6.129 6.535 6.129 6.289 6.399 7.836 7.413 8.172 7.731 7.839 7.975 7.998 8.126 8.093 8.08 8.126 8.233 8.14 8.353 8.353
8.841 8.519 8.582 8.664 8.613 8.495 8.415 8.544 8.541 7.993 8.021 8.095 8.181 8.155 8.406 8.433 8.351 8.39 9.491 8.217 8.239 8.205 8.36 8.259 8.416 8.305 8.365 8.301 8.381 8.301 8.629 8.585 8.516 8.426 8.426 8.533 8.67 8.544 8.497 8.455 8.514 8.514 8.268 8.16 8.051 8.286 7.773 7.389 7.389 7.214 7.375 6.992 6.709 6.861 6.129 6.129 7.881 6.228 6.343 6.999 7.549 7.861 7.768 7.796 8.03 8.037 8.063 8.161 8.197 8.124 8.106 8.179 8.197 8.237
8.834 8.519 8.578 8.519 8.519 8.485 8.361 8.246 8.183 7.966 7.964 7.97 8.019 8.196 8.152 8.254 8.209 7.975 8.027 8.125 8.005 7.976 8.332 8.259 8.34 8.305 8.346 8.301 8.301 8.381 8.535 8.635 8.61 8.691 8.47 8.426 8.426 8.452 8.43 8.479 8.466 8.395 8.247 8.046 7.978 7.857 7.495 7.389 7.713 7.181 7.128 6.879 6.562 7.767 6.129 6.286 6.163 6.174 6.314 6.994 7.344 7.475 7.605 7.646 7.741 8.101 7.994 8.008 8.112 8.14 8.058 7.976 8.25 7.898
8.83 8.519 8.721 8.882 9.503 8.609 8.683 8.633 8.332 8.037 7.88 7.904 8.03 7.993 8.146 8.165 8.078 7.967 8.115 8.889 8.001 7.927 8.22 8.205 8.206 8.201 8.204 8.47 8.335 8.346 8.425 8.637 8.812 8.667 8.48 8.426 8.501 8.59 8.426 8.464 8.472 8.284 8.173 8.042 7.776 7.6 7.609 7.389 7.651 7.128 7.986 6.689 6.727 6.387 6.957 6.129 6.097 6.139 6.306 6.753 7.285 7.384 7.605 7.917 8.024 8.048 7.986 7.925 8.157 8.273 7.892 7.971 8.092 8.094
8.842 8.519 8.81 8.974 8.845 8.41 8.428 8.342 8.324 7.992 7.88 7.946 7.961 8.066 8.086 8.142 8.033 7.85 7.85 7.904 7.912 7.78 7.834 8.009 8.25 7.976 8.17 8.464 8.464 8.547 8.681 8.728 8.791 8.68 8.45 8.426 8.551 8.426 8.471 8.5 8.44 8.351 8.305 8.065 7.939 7.759 7.517 8.111 7.53 7.512 7.436 6.855 6.707 6.43 6.809 6.143 6.097 6.266 6.31 6.864 7.064 7.235 7.535 7.599 7.811 7.749 8.124 7.882 8.083 7.932 8.14 7.892 7.892 7.89
8.842 8.617 8.435 8.462 8.368 8.412 8.38 8.158 8.172 7.946 7.88 7.88 7.916 7.919 8.012 8.012 8.056 8.111 8.113 7.73 7.627 8.031 7.797 8.079 7.976 8.096 8.31 8.555 8.614 8.59 8.575 8.623 8.697 8.79 8.426 8.426 8.426 8.519 8.55 8.287 8.308 8.267 8.166 8.108 8.089 7.654 7.782 7.732 7.687 7.639 7.515 6.83 7.387 6.536 6.638 6.097 6.199 6.086 6.096 6.537 6.988 7.109 7.291 7.802 7.501 7.681 7.637 7.948 7.888 7.943 8.196 8.094 7.906 7.931
8.746 8.368 8.399 8.368 8.369 8.32 8.205 8.158 8.172 7.925 7.88 7.88 7.881 8.066 8.027 8.037 8.078 7.941 7.937 7.603 7.631 7.781 7.879 8.042 7.976 7.991 8.106 8.435 8.523 8.549 8.549 8.549 8.73 8.426 8.654 8.447 9.019 8.426 8.499 8.234 8.234 8.507 8.252 8.146 8.1 7.946 7.781 8.025 7.733 7.602 7.187 6.894 7.198 6.552 6.404 6.372 6.184 5.984 5.997 5.991 6.885 6.94 7.302 7.357 7.604 7.497 7.563 7.67 7.702 7.829 8.095 8.097 7.885 7.882
8.73 8.359 8.53 8.411 8.474 8.353 8.233 8.194 8.158 7.964 7.88 7.88 7.975 7.966 7.743 8.176 7.659 7.603 7.603 7.66 7.735 7.81 7.781 7.976 8.101 7.976 8.083 8.329 8.656 8.627 8.713 8.838 8.992 8.426 8.76 8.727 9.463 8.365 8.308 8.352 8.234 8.234 8.211 8.244 8.22 7.996 7.973 7.964 7.788 7.583 7.25 7.151 6.871 6.647 6.528 6.257 5.912 6.223 5.991 6 6.389 6.804 7.173 7.427 7.419 7.407 7.484 7.644 7.715 7.916 8.087 8.398 7.726 7.778
