data/carpenters_dem.asc
ncols         331
nrows         558
xllcorner     287655
yllcorner     3292515
cellsize      30
NODATA_value  -9999
[rows 462 to 494 of 558, columns 148 to 221 of 331]
5.172 5.27 5.561 5.862 5.715 5.936 5.601 4.905 2.412 2.412 2.412 2.412 2.412 3.574 4.179 5.394 2.412 2.412 2.412 2.412 2.412 2.412 2.412 2.412 5.257 5.114 3.182 2.473 2.863 2.926 2.873 3.725 4.893 5.666 6.024 6.013 5.807 5.937 5.757 5.666 5.728 5.66 5.546 5.552 5.454 5.374 5.329 5.21 4.267 5.412 5.436 5.461 5.535 5.469 5.66 5.534 5.321 4.978 4.966 4.688 4.147 3.151 2.232 3.093 3.431 3.809 4.657 5.072 5.167 5.231 5.701 5.24 5.299 5.51
5.614 5.515 8.682 5.96 5.847 5.838 6.009 5.762 5.834 5.983 5.899 5.765 5.308 4.877 3.574 5.733 5.856 5.81 5.649 5.4 5.132 5.009 2.412 2.426 2.445 2.329 2.124 2.43 2.124 2.124 2.124 2.124 2.45 4.091 4.442 5.088 5.085 5.586 5.392 5.569 5.629 5.316 5.318 5.381 5.487 5.246 5.216 4.991 4.267 5.355 5.473 5.436 5.448 5.386 5.388 5.234 4.693 4.246 3.797 3.461 2.673 2.477 2.232 3.011 3.916 4.676 4.846 5.185 5.05 5.507 5.392 5.258 5.276 5.315
4.932 5.233 4.777 4.655 5.596 5.342 5.922 5.582 5.127 5.933 5.351 5.612 4.557 4.005 3.584 6.02 6.227 5.873 5.535 5.447 5.009 5.192 2.124 2.124 2.124 2.124 2.124 2.124 2.124 2.124 2.124 2.124 2.124 3.916 3.925 4.151 5.168 5.422 5.64 5.392 5.618 5.319 5.316 5.246 5.246 5.322 4.897 4.267 4.621 5.289 5.424 5.415 5.26 5.362 4.728 4.625 3.62 2.19 1.7 2.102 2.232 2.232 3.022 4.554 9.29 8.497 5 4.932 5.904 5.941 5.748 5.258 5.258 5.317
4.964 4.655 4.655 4.655 4.655 4.655 4.655 4.655 4.655 4.835 5.458 4.39 4.39 4.139 4.185 5.431 5.381 5.381 5.381 6.073 6.484 6.875 4.519 3.144 2.955 2.124 3.88 4.238 4.477 2.767 2.124 2.44 2.25 3.87 3.894 3.707 5.126 5.333 5.809 5.481 5.326 5.243 5.524 5.488 5.26 5.568 4.728 4.267 4.97 5.284 5.338 5.41 5.175 5.373 4.523 3.233 2.098 1.676 1.589 1.589 2.248 2.956 4.315 4.719 5.267 6.19 4.932 4.932 4.932 5.482 5.888 5.329 5.325 5.577
4.872 4.655 4.655 4.655 4.655 4.727 4.992 4.655 4.655 4.655 4.706 4.633 4.712 5.388 5.487 5.14 5.857 6.389 6.83 6.953 6.878 7.164 6.669 6.398 6.399 7.194 7.383 7.312 6.492 5.035 2.124 2.124 2.124 3.464 3.272 1.847 2.776 5.085 5.484 5.613 5.151 5.151 5.156 5.16 5.629 4.974 4.36 4.267 5.431 5.785 5.469 5.391 5.13 4.944 4.187 1.756 1.744 1.589 2.959 3.103 3.748 7.267 9.091 4.382 4.329 5.217 4.932 4.932 4.932 5.492 5.881 5.398 5.55 5.603
4.662 4.655 4.655 4.655 4.655 4.756 4.743 4.655 4.655 4.964 5.336 5.746 5.816 6.029 6.235 6.196 6.69 7.093 7.241 10.975 7.419 7.089 7.122 7.763 7.867 7.995 7.906 7.754 7.421 6.928 4.755 2.124 2.491 1.669 1.61 1.413 1.735 4.979 5.389 5.151 5.151 5.291 5.151 5.267 5.38 4.443 3.349 5.043 5.377 5.635 5.575 5.469 4.953 4.166 1.978 1.59 1.589 2.954 7.013 9.656 9.933 9.987 8.299 4.329 4.329 5.332 4.932 4.932 4.932 5.476 5.91 5.398 5.601 6.117
4.655 4.655 4.655 4.655 4.655 4.785 5.169 4.987 4.985 5.633 6.338 6.319 6.155 5.816 6.591 6.847 6.622 6.88 7.3 7.42 7.809 7.77 7.606 7.763 7.913 7.982 8.094 7.988 7.539 6.912 4.221 2.226 2.396 2.036 1.293 1.107 1.346 4.524 5.248 5.314 5.151 5.151 5.453 5.242 4.83 3.349 4.229 5.103 5.282 5.729 5.735 5.911 4.97 3.119 1.328 1.589 2.939 4.916 5.277 5.371 5.521 5.614 5.375 4.329 4.329 5.604 4.932 4.932 4.932 5.452 5.943 5.519 5.398 5.829
4.655 4.655 4.655 4.655 4.655 5.174 5.214 5.44 5.59 6.337 6.399 6.139 5.841 5.816 6.646 6.874 6.666 6.793 6.942 7.237 7.166 7.943 7.714 7.147 7.147 7.825 7.821 7.871 7.537 6.881 3.361 2.23 1.105 2.127 1.107 1.107 2.301 1.977 2.971 5.205 5.184 5.22 4.957 4.644 2.627 3.75 4.833 5.128 5.328 5.417 5.522 5.479 5.026 2.279 1.211 2.075 4.058 4.329 4.329 4.329 4.329 4.329 4.329 4.329 4.329 5.757 5.439 5.158 5.811 5.855 5.899 5.445 5.444 5.821
4.655 4.655 4.655 4.655 4.655 5.469 5.641 5.975 6.217 6.359 6.302 5.994 6.677 6.678 6.707 6.785 6.616 6.727 6.813 7.312 7.166 7.981 7.903 7.211 7.147 7.177 7.97 7.84 7.475 5.433 5.054 4.318 3.94 1.105 2.397 1.459 3.346 2.508 3.948 4.667 5.003 4.76 3.385 2.068 3.467 5.055 5.122 5.052 5.015 5.098 5.15 5.129 5.028 1.211 1.864 2.757 4.42 4.876 5.439 5.895 6.169 6.249 6.287 6.235 6.061 6.038 5.834 5.581 5.756 5.672 5.819 5.592 5.444 5.444
4.996 4.655 4.655 4.655 4.655 5.314 6.016 6.161 5.975 6.139 6.152 6.791 5.994 6.597 6.686 6.933 7.057 6.616 6.761 6.838 7.13 7.536 7.888 7.48 7.051 7.614 8.072 7.79 7.572 6.694 4.964 3.198 3.422 2.549 1.105 1.156 1.446 2.909 3.662 3.997 5.057 4.486 2.058 2.617 4.206 5.199 5.12 4.973 5.065 5.038 4.741 4.979 4.632 1.211 1.776 2.841 4.24 4.933 4.528 4.59 4.891 4.813 5.04 5.171 5.231 5.491 5.637 5.581 5.672 5.75 5.886 6.058 6.348 6.247
6.656 4.655 4.655 4.655 4.655 5.091 5.802 6.109 6.698 6.416 6.769 6.741 6.716 6.681 6.961 6.873 6.988 6.836 6.616 6.446 6.667 7.007 7.413 7.444 6.911 7.959 8.428 7.682 7.073 4.592 2.382 2.382 2.382 3.981 2.051 1.105 1.691 1.398 2.109 3.928 4.982 5.029 3.457 1.367 2.692 3.827 3.995 4.398 5.017 4.832 4.782 4.338 3.636 1.621 1.211 2.99 4.478 4.557 4.504 4.443 4.583 4.78 4.796 5.004 5.094 5.181 5.339 5.495 5.509 5.539 5.669 5.777 6.205 6.205
10.773 6.867 4.655 4.699 5.136 5.956 5.942 6.009 6.708 6.416 6.686 6.955 6.933 6.879 7.135 7.069 6.809 6.556 6.579 6.393 6.14 6.442 6.478 7.078 6.911 7.551 7.366 7.131 4.263 2.382 2.382 2.382 2.382 2.382 4.376 1.685 1.105 1.105 2.038 3.689 5.26 4.614 2.951 1.076 1.322 1.076 1.076 3.491 4.578 4.916 4.789 4.491 2.797 1.211 1.36 2.277 4.231 4.492 4.608 4.443 4.542 4.682 4.833 5.108 5.207 5.263 5.368 5.544 5.646 5.751 5.851 5.902 6.233 6.447
12.524 8.252 6.376 5.306 5.556 5.721 6.277 7.3 6.529 6.416 6.416 6.964 6.689 6.564 6.72 6.667 6.564 6.556 6.556 6.286 6.138 5.991 6.132 6.061 6.585 6.627 6.991 6.685 2.382 2.382 2.382 2.382 2.382 2.409 3.604 4.405 1.105 1.766 2.133 3.616 4.62 3.578 2.015 1.133 1.076 1.155 1.076 1.076 2.124 4.101 4.874 4.826 2.877 1.211 1.211 4.018 4.328 4.576 4.381 4.427 4.597 4.683 4.902 4.926 5.031 5.152 5.18 5.352 5.572 5.616 5.732 6.428 6.246 6.689
10.629 11.528 6.692 5.983 6.396 7.446 6.495 6.755 6.499 6.514 6.416 6.416 6.542 6.61 6.611 6.712 6.807 6.785 6.497 6.181 5.991 5.991 6.168 6.243 6.061 6.173 7.039 6.552 4.231 4.971 5.807 5.736 4.886 3.939 2.232 1.432 2.007 1.105 1.105 2.255 3.352 2.399 1.478 1.471 1.304 1.429 1.076 1.076 1.076 3.266 2.552 2.436 3.229 1.211 1.214 3.774 4.141 4.249 4.081 4.111 4.302 4.4 4.599 4.77 4.881 4.99 5.142 5.314 5.336 5.447 6.291 6.604 6.564 6.677
13.351 13.356 8.726 6.318 6.854 7.025 6.967 7.188 6.464 6.437 6.416 6.416 6.416 6.551 6.97 6.951 7.036 6.946 6.546 5.991 6.023 5.991 6.126 5.93 6.05 6.155 6.329 6.51 6.493 6.269 5.89 5.727 4.771 3.022 3.463 5.234 1.461 2.367 1.105 2.211 1.334 1.515 1.78 1.556 1.31 1.076 1.076 1.076 2.509 2.722 0.783 0.783 0.836 0.783 1.388 3.756 3.137 3.328 3.981 3.644 3.568 4.062 4.328 4.74 4.909 5.002 5.138 5.553 5.395 5.496 5.514 6.089 6.146 6.393
12.335 12.443 12.126 8.298 6.519 7.22 7.183 6.914 6.471 6.416 6.416 6.435 6.416 6.53 6.767 7.196 7.059 6.79 6.312 6.161 6.191 5.93 5.93 5.93 5.93 5.93 6.763 5.808 6.232 5.01 4.213 4.213 4.887 2.973 1.8 1.461 3.79 1.381 2.354 1.105 2.084 2.729 2.375 2.371 1.076 1.306 1.08 1.076 1.076 1.076 0.783 0.837 0.783 0.783 0.783 0.863 0.888 1.945 3.819 3.568 3.823 4.02 4.306 4.593 4.607 4.722 5.053 5.203 5.293 5.406 5.487 5.722 6.183 6.067
7.47 11.384 11.62 15.448 8.75 6.762 7.186 7.023 6.845 6.473 6.416 6.536 6.749 6.833 6.36 6.76 6.878 6.545 6.491 6.435 6.022 5.93 5.942 5.93 6.884 6.757 5.93 4.807 5.092 4.213 4.213 4.213 5.465 3.773 1.461 3.608 2.302 5.074 1.105 1.987 2.685 1.776 1.076 1.076 1.076 1.076 1.912 2.271 1.366 1.194 0.783 1.033 0.829 1.075 0.783 0.899 0.721 0.868 3.794 3.483 3.774 3.937 4.279 4.482 4.448 5.039 4.974 5.047 5.193 5.343 5.425 5.521 5.859 5.745
7.366 7.366 10.532 10.82 13.538 6.71 7.099 7.102 6.877 6.655 6.416 6.785 7.086 7.378 6.621 6.36 6.36 6.658 6.86 6.661 5.974 5.93 5.93 6.573 6.835 6.727 6.58 6.332 4.574 4.213 4.213 4.213 4.481 4.312 1.78 3.877 4.585 3.362 3.42 1.105 1.259 1.076 2.703 3.794 1.405 2.666 1.528 1.986 0.783 0.783 0.783 1.776 1.462 1.861 0.856 0.721 0.721 0.721 3.66 3.483 3.616 3.87 4.208 4.416 4.565 4.654 4.676 4.865 5.261 5.372 5.416 5.501 5.89 5.657
7.416 7.366 8.956 9.722 9.82 9.091 6.71 7.078 6.938 6.924 6.675 7.003 7.026 7.164 7.218 6.75 6.36 6.555 7.017 6.51 6.066 5.93 6.397 6.791 6.831 6.68 6.794 6.557 6.107 4.281 4.213 4.213 4.213 4.491 2.535 5.295 5.237 4.376 4.647 1.076 1.076 3.015 5.234 5.442 1.597 1.145 1.073 1.004 1.09 1.762 1.121 1.842 0.721 0.721 0.721 0.721 2.187 0.721 3.587 3.474 3.474 3.539 4.01 4.23 4.445 4.379 4.462 4.849 5.044 5.121 5.196 5.335 5.71 5.482
7.425 7.502 7.366 8.78 9.238 10.509 6.675 6.803 6.84 6.675 7.048 8.624 7.078 7.158 7.122 8.402 6.865 6.36 6.54 6.36 6.186 6.553 6.592 6.84 6.775 6.727 6.585 6.691 6.392 6.044 6.013 4.213 4.213 4.586 4.213 4.421 4.2 3.527 3.446 3.691 4.554 5.719 6.789 6.45 3.396 2.697 1.286 1.004 1.004 2.14 2.698 0.723 1.273 0.789 2.603 0.942 0.721 0.721 3.474 3.611 3.582 3.738 3.874 4.12 4.157 4.157 4.377 4.721 4.726 4.933 5.008 5.111 5.382 5.442
7.657 7.366 7.418 7.377 8.436 9.025 8.546 6.675 6.675 7.114 6.975 6.975 8.567 6.997 8.619 7.123 7.155 7.118 6.36 6.456 6.219 6.468 6.873 6.758 6.692 6.628 6.652 6.658 6.343 5.395 4.213 6.674 5.981 4.213 4.726 3.834 3.737 3.798 3.446 4.472 6.449 6.172 6.489 6.664 5.833 5.82 4.457 1.998 1.189 3.273 3.704 0.988 0.81 0.791 1.49 2.28 0.721 0.721 2.376 2.234 2.286 2.307 3.445 4.42 4.308 4.554 5.148 5.106 4.998 3.58 3.618 4.947 5.456 5.822
7.74 7.452 7.478 7.349 7.75 8.439 8.942 6.675 7.146 8.434 7.01 6.992 6.997 8.821 6.997 7.143 7.221 8.984 7.012 6.816 6.219 6.724 6.83 6.675 6.634 6.582 6.51 6.271 6.413 5.427 5.979 4.213 4.213 4.213 5.057 4.036 3.723 3.676 3.453 4.205 6.277 5.997 6.697 6.755 6.664 6.022 4.443 3.225 2.734 3.262 3.946 2.294 1.539 2.825 4.241 3.504 1.816 0.721 1.442 0.721 0.721 0.721 1.897 4.376 4.343 4.386 5.01 5.423 4.631 1.69 2.87 4.665 5.451 5.916
7.653 7.555 7.188 7.575 7.326 7.873 8.667 8.224 6.675 7.375 6.984 7.004 8.703 7.049 8.179 7.083 7.05 7.042 6.982 6.499 6.923 6.726 6.406 6.641 6.589 6.537 6.253 6.56 6.851 6.278 6.1 5.577 5.202 5.873 4.289 3.881 4.007 3.52 4.145 3.453 5.747 6.184 6.229 6.494 6.533 6.211 5.956 4.675 2.734 4.95 5.069 4.741 4.113 1.73 0.74 0.74 1.665 0.721 1.497 0.744 0.721 0.721 1.972 4.584 3.984 3.944 4.26 4.793 4.101 1.69 1.787 4.144 5.194 5.578
7.188 7.188 7.297 7.392 7.326 7.473 8.298 9.043 6.675 6.984 8.971 7.998 7.063 7.138 7.208 7.887 7.377 7.124 6.993 6.602 6.499 6.744 6.716 6.406 6.757 6.769 6.251 6.36 6.251 6.251 6.578 6.46 6.193 5.804 5.881 5.825 5.65 5.414 4.268 5.394 5.943 7.745 6.499 6.103 6.103 6.103 5.982 5.858 4.189 5.181 3.526 2.985 1.627 0.74 0.74 0.74 0.971 0.721 1.453 0.721 0.721 1.804 2.971 4.064 4.051 3.796 4.216 4.665 4.017 2.431 0.386 1.319 1.529 3.729
7.235 7.255 7.26 7.453 7.154 6.923 7.935 8.733 7.781 6.826 6.892 7.095 7.17 7.185 7.138 7.37 7.226 6.999 6.939 6.579 6.526 6.499 6.671 6.4 6.579 6.482 6.251 6.412 6.251 6.441 6.642 6.68 6.567 5.804 6.427 6.768 6.067 5.592 4.922 4.268 6.215 6.612 6.257 8.829 6.854 6.541 6.032 5.247 5.403 1.804 0.74 0.74 0.74 0.74 0.74 2.332 1.024 0.721 0.721 0.721 1.723 2.585 3.754 4.038 3.731 3.697 3.793 4.286 3.791 1.144 0.042 0.042 0.042 0.042
6.923 6.923 6.923 6.923 6.923 6.923 7.404 8.447 9.284 6.826 7.066 7.185 7.998 8.856 7.571 7.282 7.208 7.109 7.115 6.551 6.608 6.623 6.714 6.61 6.251 6.251 6.251 6.49 6.251 6.791 6.926 6.978 6.404 6.541 6.481 10.686 10.661 5.437 5.094 5.025 6.349 6.24 6.731 10.551 10.776 6.941 6.112 6.011 4.34 1.337 0.74 0.74 0.74 0.74 1.565 0.721 0.721 0.721 0.721 1.52 3.093 3.5 3.849 3.963 3.872 3.675 4.068 4.266 1.464 0.042 0.042 0.042 0.042 0.042
6.923 6.923 6.923 6.923 6.923 6.923 6.923 8.162 9.029 7.207 6.847 8.057 7.091 7.242 7.327 7.334 7.31 7.122 7.005 6.592 6.845 6.79 6.559 6.59 6.648 6.32 6.473 6.251 6.549 6.672 6.935 6.998 6.469 6.39 6.519 6.498 6.13 5.407 5.396 5.025 6.15 6.153 8.371 10.452 10.766 10.599 6.98 6.195 4.212 1.489 1.147 0.74 0.74 0.74 0.574 1.232 0.721 0.741 1.318 3.15 3.61 3.66 3.736 3.56 3.04 3.68 4.124 3.862 0.042 0.042 0.042 0.042 0.042 0.042
6.923 6.923 6.923 6.923 6.923 6.923 6.923 7.774 8.749 9.273 6.847 7.002 7.131 7.179 7.248 8.169 7.55 9.064 6.911 6.808 6.98 6.93 6.546 6.512 6.512 6.787 7.003 6.653 6.898 6.549 6.549 6.666 6.504 6.244 5.998 6.254 5.821 5.612 5.519 5.025 6.836 6.653 10.139 12.067 14.32 13.026 10.311 7.035 4.768 3.158 1.633 1.081 0.74 0.574 0.671 1.47 1.208 1.524 2.807 2.567 2.837 3.151 2.807 1.974 2.462 3.328 2.952 3.724 1 0.042 0.381 1.172 1.404 1.001
6.923 6.923 6.923 6.923 6.923 6.923 6.923 6.923 8.463 9.344 6.847 7.078 7.675 7.679 7.179 7.234 7.231 7.291 6.861 6.818 6.906 6.92 6.705 6.674 6.634 6.522 7.038 6.796 7.03 6.897 6.781 6.682 6.485 6.378 6.398 5.998 5.772 6.897 5.824 7.526 6.697 7.074 11.806 17.021 11.95 12.518 14.722 11.886 6.752 3.717 2.539 1.377 0.846 0.574 0.574 1.252 0.133 2.038 1.618 1.525 1.231 0.765 0.995 0.527 0.911 1.843 0.801 1.515 0.042 0.042 0.042 0.042 0.042 0.992
6.927 6.923 6.923 6.923 6.923 6.923 6.923 6.923 8.273 9.089 8.466 7.104 7.15 7.264 7.188 7.292 7.231 7.848 7.165 6.818 6.92 6.807 6.835 6.759 6.55 6.49 6.49 7.168 7.126 7.215 7.27 6.711 6.378 12.547 7.779 6.394 5.902 5.839 6.175 7.672 6.947 8.109 13.53 11.95 11.95 11.95 12.538 14.768 11.764 6.344 4.419 1.741 1.135 0.698 0.574 1.53 0.133 0.697 2.115 0.973 0.133 0.399 0.133 0.042 0.042 0.042 0.042 1.142 0.187 1.416 0.042 0.042 4.245 2.801
6.946 6.972 6.923 6.923 6.923 6.923 6.936 6.923 7.262 8.826 9.693 7.104 7.129 7.129 7.239 7.218 7.898 7.611 7.415 7.534 6.949 6.933 6.943 6.846 6.49 6.49 6.858 6.664 6.673 7.027 6.794 6.378 6.378 6.57 6.191 6.191 7.1 5.839 5.839 7.451 6.852 9.751 16.759 11.95 11.95 11.95 11.95 12.978 12.543 8.484 5.752 2.366 0.702 0.658 0.577 0.465 1.588 0.133 0.133 0.133 0.133 0.133 0.933 0.8 1.053 0.196 0.503 0.042 0.042 0.042 0.042 0.042 2.041 3.957
6.923 6.923 6.923 6.923 6.923 6.923 7.014 6.982 6.923 8.497 9.337 7.104 7.443 7.132 7.157 7.146 7.855 7.12 7.442 7.329 6.916 6.994 6.894 6.664 6.49 6.689 6.562 8.332 7.008 7.389 6.719 6.642 6.632 6.385 6.75 6.613 6.534 5.839 6.217 7.342 6.852 11.595 16.235 11.95 11.95 11.95 11.95 11.95 16.209 11.376 5.807 1.751 0.756 0.562 0.371 0.274 0.274 1.002 1.289 0.831 0.133 0.58 0.493 0.584 0.042 0.181 0.042 0.042 0.042 0.042 0.042 0.042 1.493 3.942
-9999 6.923 6.923 6.923 6.923 6.923 7.09 7.05 6.923 8.176 8.93 8.569 7.621 7.241 7.193 7.146 7.288 7.171 7.036 6.916 7.068 6.98 6.915 6.492 6.49 6.49 6.49 6.499 6.894 7.116 6.701 6.706 6.737 6.786 6.836 6.788 6.436 6.531 7.589 6.699 7.662 12.943 12.307 11.95 11.95 11.95 11.95 11.95 17.259 11.866 6.779 2.948 0.69 0.648 0.838 0.424 0.274 0.274 0.274 1.574 1.311 1.032 0.855 0.599 0.042 0.042 0.042 0.042 0.042 0.042 0.042 0.042 3.841 3.79
