data/hunting_dem.asc
ncols         514
nrows         417
xllcorner     272025
yllcorner     3291135
cellsize      30
NODATA_value  -9999
[rows 99 to 131 of 417, columns 75 to 149 of 514]
14.955 15.924 15.521 14.524 14.775 14.951 14.862 14.811 14.719 14.917 14.771 14.639 14.55 14.693 14.693 14.742 14.937 14.561 14.522 14.513 14.758 14.491 14.501 14.393 14.179 14.26 14.264 14.191 14.34 14.083 14.102 14.213 14.287 14.299 14.125 14.135 14.238 14.381 14.16 14.209 14.192 14.397 14.422 14.347 14.151 14.382 14.243 14.263 14.284 14.181 14.64 14.558 14.43 14.229 14.058 13.867 14.071 13.903 14.018 14.274 14.34 14.755 14.83 15.005 14.395 14.015 14.015 14.015 14.015 14.09 13.954 14.097 13.84 13.811 13.898
14.241 14.985 14.607 14.524 14.885 14.877 14.708 14.95 14.75 14.707 14.762 14.718 14.55 14.724 14.717 14.714 14.639 14.565 14.52 14.54 14.51 14.491 14.557 14.236 14.167 14.167 14.139 14.139 14.207 14.009 14.089 14.044 14.101 14.127 14.179 14.125 14.059 14.129 14.138 14.091 14.06 14.222 14.298 14.205 14.151 14.368 14.29 14.199 14.156 13.968 13.986 13.941 14.051 14.09 14.068 13.867 13.903 14.21 13.976 13.823 13.823 13.947 14.498 14.732 14.891 14.778 14.697 14.015 14.045 13.954 14.014 14.028 13.892 13.793 13.793
14.146 14.104 14.066 14.561 14.694 14.661 14.619 14.8 14.755 14.646 14.637 14.773 14.55 14.578 14.601 14.721 14.562 14.412 14.466 14.369 14.629 14.546 14.62 14.443 14.469 14.32 14.282 14.139 14.16 14.009 14.1 14.044 14.084 14.063 14.081 14.059 14.014 13.952 13.952 13.974 14.07 13.971 14.24 13.86 13.86 13.86 13.86 13.971 13.825 13.825 13.825 13.825 14.008 13.846 13.867 13.875 14.085 14.27 13.901 18.427 13.823 14.002 13.715 13.889 14.528 14.519 14.808 14.833 14.894 13.954 14.03 13.793 13.869 13.852 13.885
14.066 14.066 14.066 14.649 14.603 14.756 14.544 14.677 14.72 14.788 14.817 14.63 14.55 14.627 14.567 14.515 14.472 14.367 14.498 14.351 14.351 14.359 14.526 14.449 14.516 14.323 14.418 13.96 13.988 14.044 14.296 14.02 14.066 14.001 14.071 14.067 14.005 14.108 13.952 14.024 14 13.971 14.162 13.86 13.901 13.876 13.935 13.949 14.053 13.825 14.067 14.378 13.843 13.781 14.145 14.003 13.778 13.973 14.077 20.687 13.772 13.766 13.715 13.715 13.715 13.715 14.134 14.217 14.598 14.777 14.852 14.444 13.793 13.793 13.793
14.066 14.066 14.066 14.56 14.65 14.779 14.423 14.583 14.66 14.678 14.585 14.674 14.563 14.55 14.529 14.45 14.546 14.362 14.408 14.358 14.425 14.232 14.31 14.2 14.22 14.181 14.136 13.96 14.201 14.018 14.027 14.013 14.048 14.214 13.947 14.007 13.987 13.987 13.871 13.871 13.871 13.924 14.072 14.007 13.82 13.878 13.811 13.872 13.825 13.997 13.868 13.797 13.797 13.843 13.766 13.655 13.725 13.65 13.65 18.909 13.853 13.715 13.715 13.744 14.027 14.174 13.715 13.715 13.715 14.325 14.534 14.585 14.638 14.418 14.261
14.066 14.066 14.066 14.423 14.68 14.694 14.376 14.543 14.433 14.581 14.447 14.615 14.551 14.635 14.413 14.446 14.438 14.454 14.352 14.461 14.413 14.638 14.142 14.294 14.371 14.18 14.181 13.96 14.142 14.004 14.024 14.121 13.938 13.938 14.085 13.988 14.038 14.035 13.959 13.924 13.871 13.871 13.973 13.776 13.784 13.638 13.692 13.949 13.8 13.796 13.916 13.835 13.835 13.703 13.726 13.678 13.65 13.673 13.773 17.322 13.715 13.715 13.826 13.825 14.089 14.122 14.018 13.939 14.022 13.535 13.535 14.341 14.286 14.498 14.468
14.066 14.066 14.066 14.727 14.513 14.527 14.12 14.433 14.434 14.433 14.44 14.428 14.597 14.478 14.452 14.331 14.333 14.293 14.29 14.29 14.236 14.281 14.127 14.109 14.308 14.117 14.117 13.96 14.048 13.989 14.064 14.117 13.98 13.984 13.865 13.993 13.767 13.805 13.957 13.915 14.922 14.808 13.857 13.873 13.688 13.636 13.737 13.538 13.657 13.65 13.646 13.841 13.796 13.66 13.654 13.725 13.569 13.916 13.678 15.626 13.715 13.719 13.811 13.812 13.746 13.746 13.785 13.823 14.041 14.074 13.916 13.535 13.535 13.885 14.35
14.066 14.066 14.066 15.292 14.805 14.588 14.12 14.464 14.486 14.457 14.438 14.286 14.286 14.419 14.316 14.316 14.725 14.38 14.323 14.32 14.236 14.344 14.074 14.311 14.262 14.311 14.179 13.96 14.07 13.989 14.049 14.031 13.981 13.948 13.865 13.908 13.782 13.767 13.965 13.915 14.907 15.013 13.811 13.804 13.819 13.621 13.719 13.725 13.536 13.646 13.687 13.73 13.914 13.548 13.582 13.555 13.776 13.809 13.739 14.382 13.79 13.862 13.719 13.746 13.746 13.829 13.763 13.795 13.77 14 13.846 13.839 13.794 13.535 13.535
14.066 14.066 14.066 15.667 15.048 14.553 14.12 14.506 14.513 14.518 14.628 14.501 14.286 14.316 14.338 14.607 14.511 14.414 14.537 14.68 14.505 14.232 14.074 14.183 14.315 14.175 14.376 13.96 14.035 13.955 14.035 13.891 14.035 13.9 13.82 13.728 13.676 13.841 14.021 14.621 14.002 13.848 13.711 13.814 13.787 13.748 13.573 13.676 13.525 13.532 13.548 13.504 13.579 13.549 13.459 13.494 13.603 13.77 13.316 13.384 13.503 13.789 13.852 13.972 13.901 13.783 13.786 13.911 13.766 13.7 13.52 13.581 13.655 13.692 13.535
14.066 14.066 14.066 15.743 15.459 15.153 14.553 14.12 14.12 14.12 14.12 14.12 14.172 14.419 14.505 14.48 14.424 14.197 14.153 14.216 14.193 14.247 14.074 14.144 14.351 14.279 14.032 13.96 13.96 14.038 13.955 13.777 13.855 13.984 14.011 13.853 13.658 13.666 13.707 13.736 13.624 13.518 13.469 13.469 13.539 13.568 13.469 13.328 13.29 13.35 13.444 13.42 13.303 13.275 13.275 13.334 13.412 13.381 13.3 13.275 13.275 13.373 13.525 13.383 13.382 13.382 13.382 13.386 13.375 13.324 13.26 13.26 13.289 13.239 13.239
14.066 14.066 14.066 15.388 15.008 14.77 14.303 14.154 14.16 14.185 14.222 14.166 14.12 14.12 14.121 14.128 14.08 14.076 14.051 14.145 14.049 14.143 13.93 13.98 14.029 14.056 14.02 13.96 13.96 14.023 13.874 13.775 13.775 13.775 13.773 13.587 13.587 13.587 13.625 13.49 13.476 13.469 13.469 13.469 13.469 13.469 13.33 13.19 13.19 13.19 13.262 13.275 13.275 13.275 13.275 13.275 13.275 13.275 13.275 13.275 13.275 13.363 13.508 13.382 13.382 13.382 13.382 13.382 13.342 13.283 13.26 13.26 13.26 13.279 13.239
14.066 14.066 14.066 15.122 14.833 14.59 14.485 14.535 14.592 14.277 14.12 14.12 14.215 14.124 14.12 14.169 14.081 14.134 14.163 13.973 14.033 14.01 13.93 14.219 14.272 14.102 14.248 14.118 14.121 14.07 13.963 13.821 13.9 13.929 13.567 13.957 13.82 13.761 13.692 13.728 13.677 13.615 13.779 13.654 13.783 13.573 13.747 13.542 13.417 13.415 13.103 13.554 13.408 13.32 13.467 13.477 13.741 13.797 13.275 13.394 13.723 13.624 13.557 13.605 13.561 13.582 13.4 13.442 13.283 13.344 13.295 13.286 13.501 13.814 13.873
14.066 14.066 14.066 14.912 14.59 14.81 14.876 14.861 14.862 14.834 14.646 14.174 14.15 14.091 14.062 14.117 14.075 13.983 13.983 13.987 13.885 13.905 14.079 14.027 14.075 14.075 14.163 14.032 13.938 13.943 13.924 13.89 13.955 13.71 13.567 13.939 13.631 13.949 13.736 13.605 13.605 13.597 13.7 13.436 13.614 13.55 13.386 13.386 13.362 13.287 13.069 13.649 13.813 13.202 13.67 13.56 13.681 13.825 13.275 13.317 13.528 13.566 13.91 13.818 13.549 13.548 13.502 13.498 13.529 13.531 13.547 13.54 13.549 13.834 14.848
14.066 14.066 14.066 14.606 14.635 14.777 14.837 14.842 14.774 14.62 14.258 14.164 14.098 14.103 14.071 13.983 13.983 13.983 13.983 13.992 13.885 13.889 14.176 14.123 14.17 14.353 14.207 13.938 14.779 14.098 13.819 13.815 13.73 13.712 13.567 13.847 13.631 13.747 13.759 13.68 13.609 13.597 13.645 13.505 13.436 13.436 13.564 13.512 13.277 13.541 13.069 13.153 13.202 13.243 13.479 13.52 13.698 13.79 13.275 13.275 13.376 13.312 14.009 13.625 13.47 13.47 13.516 13.537 13.474 13.425 13.417 13.301 13.479 14.333 14.29
14.066 14.066 14.066 14.384 14.268 14.426 14.578 14.328 14.447 14.122 14.126 14.21 14.122 14.093 14.009 14.111 14.015 14.158 14.091 14.195 13.909 13.885 13.94 14.063 14.091 14.245 14.041 13.938 14.031 14.03 13.851 13.818 13.887 13.674 13.567 13.72 13.631 13.688 13.827 13.608 13.653 13.597 13.671 13.511 13.482 13.436 13.446 13.363 13.213 13.201 13.069 13.233 13.22 13.169 13.381 13.476 13.391 13.489 13.275 13.302 13.275 13.512 13.566 13.603 13.511 13.531 13.19 13.19 13.19 13.19 13.19 13.6 13.301 14.344 14.378
14.066 14.066 14.066 14.26 14.252 14.298 13.964 13.93 14.085 14.083 14.248 14.176 14.095 13.908 13.963 14.092 14.015 14.18 14.148 14.228 13.932 13.875 13.942 14.107 13.955 13.851 13.929 13.883 13.835 13.764 13.908 13.859 13.86 13.622 13.567 13.631 13.631 13.699 13.634 13.598 13.671 13.711 13.597 13.436 13.436 13.528 13.44 13.29 13.323 13.069 13.069 13.289 13.287 13.089 13.297 13.286 13.251 13.597 13.658 13.447 13.291 13.55 13.257 13.537 13.679 13.221 13.19 13.235 13.245 13.355 13.285 13.32 13.38 14.419 14.398
14.226 14.24 14.211 14.066 13.712 14.225 13.93 14.147 14.169 14.066 14.273 14.153 14.023 13.908 14.022 14.073 14.047 14.192 14.162 14.172 14.039 13.817 13.896 13.931 13.885 13.952 13.842 13.711 13.711 13.743 13.822 13.755 13.716 13.605 13.567 13.647 13.631 13.787 13.725 13.723 13.579 13.541 13.6 13.47 13.596 13.55 13.438 13.29 13.161 13.069 13.069 13.075 13.182 12.951 13.23 13.247 13.125 13.631 13.495 13.465 13.334 13.654 13.194 13.579 13.275 13.148 13.016 13.016 13.016 14.029 14.113 14.206 14.12 13.8 14.343
14.885 14.6 15.595 13.835 13.712 13.919 14.175 14.15 14.175 14.051 14.191 14.172 14.096 13.908 13.998 13.879 13.899 13.975 14.028 14.014 13.943 13.783 13.872 13.916 13.928 13.956 13.911 13.711 13.713 13.731 13.731 13.771 13.836 13.615 13.567 13.656 13.775 13.724 13.702 13.596 13.538 13.566 13.564 13.692 13.57 13.416 13.29 13.465 13.204 13.185 13.069 13.188 13.148 12.939 13.083 13.025 13.011 13.137 13.204 13.107 13.084 13.346 13.089 13.364 13.247 13.298 13.016 13.016 13.016 14.05 14.078 14.275 14.123 13.568 14.316
14.473 14.605 17.225 13.677 13.954 13.805 13.902 14.079 14.045 13.921 14.052 14.089 14.11 13.911 13.908 13.879 13.969 13.718 13.655 13.578 13.787 13.892 13.548 13.786 13.707 13.781 13.691 13.78 13.731 13.763 13.773 13.809 13.731 13.686 13.567 13.593 13.593 13.76 13.667 13.615 13.545 13.538 13.543 13.578 13.478 13.49 13.591 13.478 13.418 13.328 13.069 13.139 13.013 12.939 12.939 12.94 12.939 13.069 13.098 13.012 13.045 13.223 12.94 13.201 13.111 13.09 13.016 13.016 13.016 14.056 14.06 14.154 14.144 13.559 14.374
14.066 14.485 18.209 13.711 13.477 13.477 13.564 13.741 13.477 13.477 13.477 13.708 13.652 13.547 13.547 13.766 13.753 13.648 13.661 13.578 13.555 13.337 13.725 14.271 14.379 13.675 13.675 13.675 13.636 13.818 13.87 13.918 13.88 13.664 13.567 13.633 13.726 13.671 13.771 13.571 13.538 13.538 13.567 13.637 13.539 13.409 13.409 13.409 13.283 13.186 13.069 13.156 13.069 12.939 12.939 12.939 12.939 12.939 13.053 13.012 13.085 13.038 13.147 12.909 13.048 13.016 13.048 13.041 13.384 13.346 13.299 13.315 13.271 13.582 13.686
14.066 14.571 14.47 13.998 13.477 13.477 13.477 13.724 13.477 13.477 13.477 13.7 13.729 13.77 13.547 13.732 13.924 13.536 13.536 13.475 13.468 13.337 13.661 13.876 14.233 13.775 13.828 13.76 13.636 13.704 13.785 13.839 13.667 13.763 13.567 13.576 13.707 13.598 13.608 13.638 13.578 13.619 13.467 13.6 13.55 13.418 13.41 13.427 13.323 13.294 13.069 13.069 13.195 13.077 13.023 13.057 13.117 12.944 12.803 13.018 13.477 13.127 12.969 12.851 12.87 12.961 12.997 12.893 13.05 13.056 13.015 13.217 12.906 13.578 13.46
14.066 14.841 13.877 13.656 13.477 13.477 14.582 13.704 13.477 13.477 13.477 13.832 13.782 13.775 13.696 13.547 14.003 13.664 13.652 13.618 13.587 13.337 13.483 13.799 13.789 13.685 13.692 13.689 13.928 13.636 13.58 13.637 13.53 13.604 13.567 13.67 13.609 13.578 13.578 13.578 13.793 13.756 13.358 13.483 13.38 13.38 13.712 14.654 13.339 13.254 13.069 13.265 13.204 12.99 12.91 12.875 12.785 13.123 12.803 12.852 12.762 12.899 12.865 12.755 12.997 12.792 12.904 12.903 12.893 12.876 12.83 12.877 12.824 13.574 13.648
14.272 15.12 13.684 13.477 13.515 13.653 14.137 13.745 13.477 13.477 13.477 13.711 13.736 13.751 13.757 13.547 13.983 13.608 13.58 13.75 13.497 13.337 13.337 13.62 13.566 13.656 13.763 13.575 13.575 13.533 13.593 13.519 13.629 13.588 13.435 13.69 13.586 13.586 13.754 13.62 13.593 13.478 13.358 13.38 13.525 13.412 13.403 13.449 13.255 13.366 13.069 13.253 13.105 12.871 12.89 12.934 12.785 12.926 12.734 12.77 12.628 12.743 12.674 12.756 13.069 12.946 12.787 12.872 12.785 12.785 12.996 12.809 12.785 13.524 13.367
14.667 15.216 13.997 13.477 13.477 13.477 14.65 13.7 13.477 13.477 13.477 13.964 13.831 13.752 13.666 13.482 13.853 13.552 13.665 13.59 13.647 13.337 13.337 13.349 13.523 13.573 13.624 13.699 13.592 13.58 13.467 13.435 13.435 13.435 13.435 13.435 13.435 13.435 13.495 13.435 13.358 13.358 13.358 13.358 13.358 13.306 13.286 13.255 13.255 13.283 13.069 13.121 12.973 12.871 12.871 12.871 12.785 12.785 12.692 12.647 12.547 12.669 12.669 12.669 12.67 12.67 12.67 12.708 12.786 12.785 12.785 12.785 12.785 13.454 13.36
14.918 15.101 13.477 13.613 13.477 13.477 13.477 13.608 13.625 13.542 13.477 13.735 13.757 13.762 13.295 13.834 13.739 13.552 13.605 13.581 13.58 13.337 13.381 13.538 13.631 13.406 13.319 13.369 13.388 13.462 13.435 13.496 13.435 13.435 13.435 13.514 13.435 13.435 13.435 13.489 13.521 13.562 13.573 13.58 13.568 13.584 13.562 13.574 13.531 13.519 13.597 13.924 14.443 15.417 16.437 17.13 17.682 18.011 15.049 12.537 12.611 17.816 17.395 16.883 16.101 15.186 14.384 13.612 13.269 13.152 13.113 12.992 12.878 12.855 12.865
14.817 13.477 13.477 13.548 13.477 13.477 13.587 13.497 13.579 13.684 13.477 13.667 13.556 13.477 13.441 13.295 13.303 13.139 13.064 13.06 13.245 13.168 13.02 13.367 13.26 13.26 13.26 13.26 13.29 13.714 13.828 13.802 13.597 13.662 13.726 13.767 13.846 13.868 13.844 13.827 13.786 13.784 13.783 13.793 13.778 13.776 13.8 13.786 13.797 13.815 13.859 14.137 14.747 15.753 16.626 17.36 17.964 18.373 16.798 12.537 14.862 18.442 18.09 17.551 16.845 15.942 14.955 14.224 13.724 13.523 13.484 13.511 13.474 13.452 13.465
13.477 13.936 15.707 15.219 13.621 13.477 13.477 13.477 13.477 13.477 13.477 13.477 13.477 13.509 13.336 13.291 13.278 13.066 12.932 12.932 12.932 12.932 12.9 12.9 18.03 17.955 17.665 17.138 16.354 15.467 14.665 14.078 13.809 13.673 13.615 13.499 13.433 13.22 13.188 13.383 13.304 13.305 13.091 13.256 13.337 13.348 13.116 13.202 12.889 12.889 12.788 12.972 12.976 12.904 12.939 13.528 13.886 13.858 12.854 12.56 12.48 14.162 13.968 13.457 13.425 13.322 12.929 12.93 12.785 12.546 12.461 12.441 12.607 12.53 12.568
14.479 18.284 17.042 15.912 15.451 14.64 13.965 13.52 13.477 13.477 20.894 19.494 17.964 16.497 15.511 15.67 16.046 16.465 16.876 17.325 17.731 18.138 12.9 14.564 18.38 18.16 17.707 17.064 16.01 14.127 13.69 13.037 13.198 13.11 13.11 13.242 13.22 13.346 13.316 13.137 13.171 13.184 12.982 13.479 13.303 13.091 13.091 13.091 13.143 13.044 12.53 12.941 12.893 12.557 12.596 12.596 12.597 12.648 12.725 12.991 12.526 12.48 12.503 12.479 12.218 12.218 12.299 12.384 12.406 12.374 12.441 12.72 12.512 12.373 12.43
20.453 20.101 19.372 18.548 17.573 16.444 15.39 14.688 14.23 14.03 14.128 14.47 14.875 15.259 15.652 16.03 16.376 16.677 17.007 17.251 17.519 17.692 12.9 12.987 13.365 12.862 12.838 12.838 13.006 13.043 13.18 12.966 13.397 13.404 13.11 13.394 13.324 13.331 13.143 13.21 13.137 13.065 12.905 13.266 13.201 13.124 13.105 13.095 13.085 12.971 12.53 12.955 12.878 12.53 12.644 12.852 12.655 12.678 12.648 13.021 12.303 12.579 13.365 12.218 12.814 12.282 12.218 12.339 11.615 11.615 11.615 11.615 11.615 11.615 11.615
17.786 17.633 17.436 16.995 16.709 16.014 15.098 14.546 14.145 14.014 14.043 14.292 14.572 14.883 15.252 15.606 15.177 13.742 12.92 12.92 12.92 12.92 13.063 12.9 13.166 12.892 12.885 12.838 12.838 13.016 13.015 12.925 13.086 13.098 13.181 13.331 13.29 13.272 13.292 13.088 13.063 12.97 12.848 13.044 13.07 13.094 13.081 13.023 12.646 12.785 12.53 12.786 12.818 12.53 12.916 12.738 12.731 12.781 12.822 12.982 12.245 12.525 12.596 12.611 12.587 11.615 11.615 11.615 11.615 11.615 11.615 11.615 11.615 12.678 12.793
15.136 14.898 16.145 15.113 13.919 12.997 12.997 12.997 13.189 13.347 15.772 15.02 13.987 12.954 12.946 12.961 12.972 12.92 13.045 12.962 12.94 13.138 13.067 12.838 13.141 12.838 12.838 12.958 12.908 12.931 12.925 12.965 14.109 12.891 13.048 13.229 13.28 13.097 13.108 12.951 12.863 12.78 12.764 13.12 13.343 12.984 12.863 12.77 12.53 12.53 12.53 12.536 12.653 12.53 12.604 12.53 12.731 13.294 11.895 11.615 11.615 11.615 11.615 11.615 11.615 11.615 11.615 11.615 11.615 11.615 11.615 11.615 12.384 12.592 12.69
19.134 17.213 13.297 12.92 12.92 13.241 13.117 13.146 13.226 13.392 13.537 13.219 12.944 12.944 13.021 13.094 12.92 12.92 13.017 12.931 12.931 13.223 12.845 12.838 13.245 12.852 12.838 13.027 13.113 13.234 13.022 12.925 12.891 12.906 13.025 13.027 13.231 13.015 12.987 12.884 12.876 12.869 12.654 12.647 12.712 12.832 12.712 12.66 12.554 12.726 12.53 12.538 12.621 12.53 12.57 13.193 12.53 12.53 12.645 12.917 12.797 12.953 11.615 11.615 12.471 12.6 11.717 12.621 12.476 11.615 11.615 11.827 12.263 12.753 12.539
15.075 13.023 12.92 13.55 12.92 12.92 12.92 12.92 12.92 12.92 12.92 13.08 13.086 13.329 12.92 12.92 12.92 12.92 12.954 12.931 12.99 12.931 12.838 13.328 12.89 12.852 12.838 12.838 12.838 13.061 12.953 12.891 12.989 12.79 13.065 12.958 13.148 12.979 12.974 12.828 12.812 12.737 12.647 12.706 12.558 12.704 12.62 12.547 13.087 12.79 12.53 12.63 12.861 12.639 12.53 12.53 13.289 12.727 12.831 13.024 12.39 12.39 12.694 12.772 12.726 12.732 12.786 12.757 12.764 12.722 12.625 12.677 12.694 12.68 12.675
