data/hunting_dem.asc
ncols         514
nrows         417
xllcorner     272025
yllcorner     3291135
cellsize      30
NODATA_value  -9999
[rows 198 to 230 of 417, columns 225 to 299 of 514]
13.163 12.342 12.219 12.188 12.089 11.979 11.748 11.957 11.718 11.7 11.763 11.678 11.675 12.641 11.579 11.579 11.579 11.579 11.579 11.579 11.579 11.579 11.579 11.579 11.579 11.768 11.579 12.503 11.634 11.637 11.994 11.712 11.611 11.661 11.634 11.864 11.408 11.408 11.494 11.893 11.765 11.133 11.133 11.133 11.012 10.918 10.918 10.935 10.918 10.918 10.975 10.974 11.006 11.242 11.268 11.215 11.204 11.095 10.854 10.667 10.575 10.471 10.949 10.471 11.497 11.555 11.5 11.045 11.8 11.889 11.148 11.312 11.42 11.567 11.715
13.11 12.293 12.162 12.105 11.996 12.024 11.978 11.675 11.675 11.675 11.675 11.675 11.851 12.529 11.579 11.579 11.579 11.65 11.579 11.579 12.367 11.904 11.759 11.89 11.698 11.579 11.579 11.579 11.627 11.627 11.825 11.56 11.562 11.547 11.95 11.456 11.433 11.408 11.47 11.817 11.775 11.171 11.581 11.458 11.175 11.143 11.002 10.985 10.918 10.918 11 10.991 11.086 11.439 11.261 11.292 11.285 11.101 10.7 10.868 10.653 10.54 10.853 10.471 11.369 11.425 11.249 11.155 11.243 11.65 11.148 11.188 11.095 11.298 11.283
13.051 11.813 12.382 12.309 12.264 11.778 11.778 11.965 11.675 11.715 11.891 11.698 11.893 11.985 12.128 12.167 12.018 11.737 11.671 11.579 11.579 11.607 11.668 11.668 11.98 12.028 11.579 11.689 11.71 11.749 11.718 11.859 11.463 11.908 11.396 11.659 11.532 11.408 11.408 11.851 11.826 11.171 11.925 11.661 11.444 11.261 10.951 10.918 10.918 10.918 10.968 10.965 11.065 11.236 11.214 11.214 11.299 11.125 11.14 11.116 10.601 10.491 10.477 10.471 11.26 11.221 10.999 10.958 10.914 11.421 11.316 10.804 10.899 10.899 10.899
13.008 11.764 12.301 12.429 12.44 12.674 11.85 11.868 11.675 11.758 11.799 11.826 11.78 11.882 11.675 11.675 11.809 11.761 11.579 11.663 11.579 11.579 11.738 11.672 12.667 11.992 11.623 11.808 11.804 11.76 11.605 11.607 11.642 11.296 11.316 11.411 11.408 11.408 11.564 11.709 11.685 11.171 12.04 11.834 11.648 11.463 10.918 10.918 10.927 10.918 10.965 10.965 11.063 11.159 11.254 11.248 11.362 11.497 11.389 11.23 10.515 10.476 10.471 10.471 11.29 11.224 11.145 11.067 10.914 11.201 11.448 10.804 10.962 10.907 11.063
12.981 11.764 12.036 12.234 12.087 12.103 11.675 11.675 11.675 11.675 11.675 11.692 11.675 11.675 11.839 11.739 11.675 12.076 11.884 12.286 12.379 11.579 11.739 11.596 12.525 11.975 11.648 11.841 11.868 11.574 11.599 11.578 11.514 11.296 11.296 11.408 11.43 11.408 11.662 11.659 11.171 11.285 12.237 12.009 11.786 11.555 10.918 10.924 10.918 10.918 11.003 11.091 11.021 11.155 11.236 11.253 11.283 11.592 11.304 11.204 10.476 11.017 11.291 10.825 10.86 10.995 11.069 10.907 10.907 11.054 11.431 10.804 10.87 10.941 11.037
12.916 11.781 11.764 11.777 11.8 11.885 11.692 11.675 11.714 11.716 11.771 11.675 11.776 11.829 11.88 11.675 11.834 11.905 11.884 12.722 12.811 11.579 11.643 11.586 12.22 12.022 11.597 11.69 11.688 11.589 11.403 11.75 11.296 11.339 11.296 11.402 11.419 11.408 11.586 11.62 11.479 11.171 12.396 12.025 11.8 11.574 10.918 10.918 10.969 10.918 10.918 10.918 10.966 10.972 11.288 11.529 11.172 11.22 11.289 11.221 10.476 11.289 11.263 11.186 10.825 11.041 11.058 10.989 11.094 10.709 11.311 11.241 10.652 10.899 10.848
13.104 11.764 11.857 11.85 11.823 11.839 11.869 11.891 11.837 11.846 11.999 11.675 11.784 11.774 11.879 11.943 13.549 11.967 11.929 12.723 12.689 11.579 11.727 11.684 11.498 11.498 11.498 11.366 11.366 11.366 11.81 11.296 11.296 11.34 11.343 11.436 11.436 11.529 11.492 11.551 11.477 11.2 12.284 12.29 12.001 11.661 10.918 10.918 10.938 10.918 10.953 10.918 10.95 10.96 11.313 11.227 11.152 11.052 11.186 11.237 10.594 10.817 11.103 11.17 11.12 10.862 10.818 10.786 10.786 10.709 11.051 11.351 10.652 10.848 10.869
12.856 11.786 11.764 11.728 11.728 12.051 12.037 11.986 11.862 11.785 11.974 11.723 11.675 11.823 11.878 12.082 12.047 12.145 11.929 12.696 12.757 11.547 11.705 11.693 11.617 11.68 11.613 11.366 11.366 11.713 11.366 11.296 11.296 11.319 11.304 11.498 11.563 11.426 11.4 11.301 11.037 11.203 12.322 12.167 11.867 11.896 11.076 10.918 10.94 10.918 10.946 10.917 11.151 11.013 11.245 11.166 11.496 10.657 10.657 10.623 10.707 10.693 10.789 11.113 11.068 10.843 11.066 11.002 10.845 10.739 10.709 11.37 10.652 10.871 10.655
12.897 11.778 11.787 11.728 11.728 12.146 12.016 11.925 11.802 11.766 11.978 11.757 11.675 11.858 11.84 11.895 11.98 12.021 11.985 12.748 12.753 11.514 11.801 11.619 11.558 11.745 11.691 11.47 11.611 11.372 11.296 11.338 11.307 11.296 11.296 11.325 11.31 11.31 11.252 11.077 11.037 11.219 11.381 11.433 10.997 10.997 10.918 11.052 10.952 10.918 10.955 10.95 10.892 10.892 10.892 11.301 11.565 11.128 10.853 10.865 10.852 10.832 10.858 10.916 10.754 10.928 10.986 10.791 10.838 10.768 10.641 11.205 11.138 10.395 10.827
12.958 11.757 11.761 11.728 11.728 11.728 11.718 11.718 11.718 11.718 11.718 11.744 11.675 11.722 11.758 11.659 11.571 12.018 12.12 11.956 12.026 11.514 11.748 12.638 11.842 11.514 11.514 11.536 11.514 11.296 11.296 11.403 11.395 11.296 11.528 11.556 11.554 11.761 11.971 11.933 11.489 11.037 11.037 10.997 11.069 11.111 11.108 10.997 11.217 11.305 11.311 10.773 11.742 11.885 11.838 11.646 11.074 11.076 11.014 10.997 11.045 11.095 11.046 10.963 10.637 10.637 10.912 10.79 10.653 10.788 10.641 10.978 11.274 10.35 10.833
12.999 11.729 11.728 11.728 11.979 11.886 11.836 11.855 11.739 11.775 11.809 11.675 11.675 11.863 11.514 11.514 11.514 11.514 11.514 11.514 11.514 11.514 11.514 11.514 11.514 11.774 11.639 11.777 11.423 11.374 11.52 11.743 11.067 11.097 11.183 11.161 11.294 11.296 11.333 11.325 11.31 11.334 11.341 11.315 11.356 11.392 11.326 11.33 11.313 11.374 10.818 10.678 10.678 10.678 10.678 10.678 10.678 10.678 10.678 10.678 10.678 10.678 10.678 10.894 10.637 10.637 10.637 10.637 10.637 10.637 10.637 10.637 11.262 10.432 10.35
13.015 11.728 11.778 11.759 11.91 11.675 11.813 11.806 11.675 11.675 11.675 11.675 11.675 11.757 11.663 11.953 11.679 11.561 11.582 11.594 11.618 11.593 11.556 11.536 11.761 11.576 11.861 11.504 11.41 11.432 11.75 11.622 11.067 11.067 11.067 11.067 11.067 11.067 11.067 11.067 11.067 11.067 11.067 11.067 11.067 11.067 11.067 11.067 11.067 10.815 10.681 10.767 11.07 11.062 11.064 11.069 11.129 11.536 11.387 10.678 10.678 10.97 11.061 10.864 10.637 10.894 11.642 11.669 11.745 11.8 11.941 10.637 11.135 11.006 10.35
13.019 11.728 11.818 11.874 11.703 11.706 11.675 11.675 11.675 11.675 11.675 11.675 11.675 12.092 12.079 12.03 11.768 11.654 11.674 11.599 11.85 11.901 11.686 11.536 11.628 11.741 11.45 11.426 11.369 11.342 11.54 11.389 11.226 11.368 11.37 11.354 11.355 11.269 11.174 11.208 11.334 11.329 11.323 11.326 11.31 11.358 11.351 11.304 11.267 10.853 10.548 10.548 10.897 11.021 11.08 11.201 11.269 11.397 10.921 10.518 10.571 10.891 10.971 10.68 10.689 10.863 11.283 11.313 11.342 11.833 11.884 10.637 10.932 11.19 10.35
13.043 12.071 11.903 11.908 11.765 11.814 11.675 11.675 11.675 11.675 11.675 11.675 11.675 12.203 12.196 12.264 11.792 11.745 11.765 11.64 11.733 11.859 11.639 11.563 11.668 11.408 11.38 11.449 11.418 11.541 11.314 11.399 11.618 11.845 11.789 11.805 11.801 11.678 11.345 11.598 11.789 11.781 11.785 11.776 11.739 11.777 11.832 11.738 11.61 10.548 10.548 10.548 10.725 10.875 11 11.017 11.031 11.032 10.798 10.518 10.568 10.675 10.771 10.887 10.584 10.767 10.921 10.954 10.942 11.901 11.963 11.194 10.527 11.249 10.601
13.046 12.099 12.037 11.932 11.827 11.675 11.818 11.883 11.857 11.941 11.675 12.186 11.713 11.675 11.675 11.683 11.635 11.623 11.591 11.532 11.532 11.61 11.686 11.636 11.476 11.239 11.421 11.361 11.36 11.353 11.578 11.314 11.737 12.305 12.208 12.26 12.251 12.216 11.516 11.732 12.238 12.204 12.246 12.229 12.167 12.202 12.304 12.121 11.561 10.548 10.548 10.548 10.669 10.752 10.765 10.779 10.793 10.806 10.705 10.518 10.56 10.795 11.006 10.94 10.584 10.636 10.598 10.596 10.62 11.067 10.961 10.817 10.374 11.193 11.128
12.956 12.103 12.111 11.89 11.677 11.73 11.675 11.831 11.853 11.758 11.698 12.419 11.684 11.756 11.796 11.758 12.076 11.659 11.609 11.62 11.532 11.6 11.472 11.646 11.004 11.183 11.025 10.969 11.025 10.969 10.968 10.968 10.968 10.968 10.968 10.919 10.895 10.809 10.774 10.774 11.47 11.501 11.36 11.633 11.742 11.692 11.774 11.538 11.32 10.986 10.548 10.548 10.548 10.548 10.548 10.548 10.554 10.568 10.582 10.518 10.614 10.794 10.958 11.075 10.554 10.554 10.566 10.603 10.622 10.554 10.554 10.709 10.374 11.194 11.592
12.956 12.12 11.792 11.778 11.806 11.675 11.675 11.753 12.011 11.835 11.698 11.703 11.855 11.594 11.796 11.697 11.791 11.815 11.724 11.709 11.553 11.379 11.672 11.269 11.004 11.004 11.004 11.056 10.969 11.035 10.968 11.068 11.264 10.968 10.984 10.904 10.97 10.962 10.913 11.204 10.718 11.36 11.38 11.502 11.237 11.223 10.72 10.72 10.568 10.548 10.548 10.548 10.548 10.548 10.548 10.548 10.548 10.551 10.56 10.518 10.595 10.555 10.745 11.077 10.554 10.628 10.554 10.554 10.554 10.554 10.554 10.89 10.361 10.852 12.22
12.989 12.193 12.064 12.057 11.721 11.715 11.816 11.675 11.844 11.871 11.866 11.74 11.722 11.558 11.725 11.753 11.697 11.802 11.957 11.861 11.649 11.596 11.366 12.163 11.138 11.062 11.062 11.099 11.058 11.117 11.058 12.321 12.242 11.085 11.086 11.061 11.049 11.069 11.073 12.19 10.718 11.245 11.453 11.465 11.35 11.423 11.175 11.091 11.383 10.548 10.548 10.548 10.548 10.548 10.548 10.548 10.548 10.548 10.556 10.518 10.556 10.509 10.526 10.986 10.554 10.554 10.554 10.554 10.554 10.631 10.774 10.956 10.507 10.327 13.058
13.021 12.335 12.111 12.016 11.83 11.784 11.752 11.558 11.573 11.668 11.702 12.023 11.8 11.558 11.719 11.785 11.663 11.761 11.821 11.807 11.01 11.235 11.174 12.124 11.241 11.063 11.089 11.102 11.077 11.09 11.066 11.935 11.896 11.102 11.093 11.053 11.049 11.05 11.062 11.923 10.718 11.203 11.487 11.548 11.327 11.404 11.101 10.647 10.647 10.548 10.769 10.668 10.666 10.645 10.625 10.604 10.583 10.562 10.548 10.518 10.558 10.509 10.606 10.924 10.554 10.622 10.963 10.855 10.554 10.597 10.805 11.027 10.683 10.327 13.923
13.056 11.946 11.981 11.86 11.875 11.809 11.761 11.558 11.605 11.59 11.604 11.558 11.558 11.558 11.558 11.558 11.558 11.527 11.549 11.01 11.417 10.718 10.718 11.492 11.272 11.062 11.151 11.102 11.1 11.078 11.046 11.777 11.764 11.111 11.082 11.041 11.057 11.03 11.065 11.725 10.718 11.448 11.512 11.521 11.441 11.327 10.986 10.678 10.691 10.939 10.606 10.528 10.528 10.526 10.524 10.522 10.52 10.518 10.518 10.518 10.518 10.509 10.547 10.837 10.554 10.711 11.056 11.093 10.653 10.721 10.754 10.942 10.655 10.327 12.968
13.081 11.716 11.716 11.76 11.729 11.631 11.631 11.558 11.558 11.558 11.571 11.558 11.558 11.61 11.594 11.558 11.588 11.513 11.264 11.662 11.418 11.557 11.671 10.718 10.718 10.718 10.718 10.718 10.718 10.718 10.718 10.718 10.718 10.718 10.718 10.718 10.718 10.718 10.718 10.718 11.394 11.383 11.468 11.515 11.324 11.464 10.642 10.642 11.019 10.528 10.528 10.528 10.579 10.591 10.589 10.587 10.585 10.583 10.541 10.518 10.537 10.509 10.509 10.712 10.554 10.683 11.107 11.331 10.928 10.667 10.702 10.562 10.558 10.349 10.325
13.041 11.778 11.716 11.866 11.725 11.823 11.656 11.558 11.588 11.558 11.558 11.558 11.67 11.691 11.719 11.883 11.845 11.462 11.736 11.247 11.247 11.292 11.738 10.841 10.718 10.718 12.397 12.328 12.149 11.15 11.164 11.089 11.28 11.797 11.456 11.634 11.227 11.03 10.798 10.718 11.14 10.538 10.538 10.538 10.538 10.538 10.909 10.642 10.77 10.528 10.528 10.528 10.593 10.656 10.654 10.652 10.65 10.612 10.598 10.518 10.568 10.573 10.675 10.485 10.638 10.671 10.714 11.574 11.065 10.521 10.417 10.42 10.137 10.102 10.102
13.033 11.942 11.835 11.6 11.647 11.699 11.65 11.558 11.922 11.558 11.558 11.558 11.558 11.794 12.402 12.137 11.704 11.634 11.247 11.247 11.247 11.304 11.709 11.264 11.708 11.619 12.501 12.414 11.805 11.187 11.153 11.089 11.331 11.743 11.733 11.74 11.401 10.852 10.67 10.564 10.538 11.219 10.613 10.646 10.65 10.567 10.7 10.888 10.713 10.528 10.528 10.528 10.641 10.699 10.725 10.716 10.711 10.709 10.629 10.518 10.538 10.521 10.54 10.478 10.883 10.509 10.445 10.266 10.262 10.178 10.102 10.102 10.102 10.102 10.102
12.969 11.6 11.6 11.695 11.572 11.572 11.572 11.558 11.822 11.558 11.894 11.791 11.569 11.915 11.875 11.615 11.4 11.247 11.362 11.247 11.25 11.294 11.768 11.235 11.745 11.35 11.961 12.093 11.414 11.254 11.152 11.089 11.379 12.156 11.372 11.503 11.1 10.856 10.664 10.545 10.528 11.812 10.827 10.989 10.832 10.836 11.399 10.976 10.62 10.528 10.653 10.629 10.637 10.704 10.611 10.649 10.645 10.654 10.714 10.518 10.521 10.521 10.538 10.125 10.583 10.456 10.442 10.187 10.102 10.102 10.102 10.102 10.274 10.525 10.649
12.962 11.662 11.695 11.704 11.682 11.572 11.594 11.558 11.771 11.558 11.822 11.644 11.599 11.868 11.809 11.413 11.688 11.317 11.315 11.247 11.269 11.336 11.956 11.235 11.779 11.224 10.927 11.048 11.042 11.271 11.256 11.064 11.07 11.04 10.941 10.73 10.73 11.182 10.563 10.552 10.528 10.828 10.931 10.976 10.902 10.913 11.127 10.9 10.677 10.528 10.712 10.662 10.652 10.607 10.607 10.81 10.703 10.641 10.595 10.687 10.594 10.54 10.574 10.125 10.741 10.462 10.125 10.125 10.102 10.102 10.294 10.541 10.678 10.674 10.736
12.992 11.86 12.107 11.801 11.84 12.345 11.944 11.597 11.837 11.659 11.774 11.599 11.599 11.895 11.562 12.005 11.418 11.319 11.326 11.315 11.247 11.247 11.881 11.235 11.235 11.001 10.927 10.927 10.927 10.927 10.906 10.88 10.88 10.88 10.781 10.885 10.798 10.73 11.135 10.956 10.528 10.803 11.034 11.001 11.066 11 11.193 10.938 10.734 10.528 10.659 10.721 10.838 10.642 10.607 10.82 10.85 10.643 10.608 10.642 10.449 10.727 10.125 10.703 10.125 10.125 10.182 10.322 10.138 10.251 10.477 10.882 10.951 11.035 11.06
12.974 12.007 12.339 12.334 12.347 12.349 12.368 12.346 12.256 11.744 11.623 11.777 11.687 11.94 11.62 11.625 11.26 11.26 11.26 11.247 11.282 11.283 11.235 11.549 11.41 11.533 11.57 11.384 11.453 11.357 11.483 11.242 11.394 11.312 11.339 11.185 11.217 11.294 11.13 10.874 10.528 10.528 10.528 10.528 10.528 10.528 10.528 10.528 10.528 10.789 10.607 10.607 10.607 10.607 10.607 10.777 10.558 10.541 10.54 10.63 10.617 10.226 10.307 10.276 10.125 10.125 10.36 10.406 10.504 10.356 10.555 10.841 10.97 11.029 11.072
12.987 12.122 12.377 12.369 12.361 12.344 12.323 12.334 12.222 11.88 11.803 11.908 12.003 11.891 12.097 11.631 11.371 11.405 11.39 11.525 11.373 11.386 11.541 12.588 11.007 11.007 11.456 11.007 11.007 11.007 11.007 11.007 11.007 11.007 11.007 11.007 11.007 11.007 11.007 11.589 10.528 10.669 10.886 10.992 10.857 10.731 10.528 10.528 10.822 11.184 10.607 10.607 10.609 10.607 10.717 10.71 10.541 10.661 10.57 10.54 10.623 10.509 10.48 10.642 10.446 10.504 10.539 10.545 10.551 10.591 10.675 10.693 10.959 10.961 10.845
12.922 12.271 12.157 12.148 12.115 12.301 11.973 11.838 11.832 11.853 11.787 11.787 11.787 11.787 11.949 11.668 11.42 11.412 11.431 11.401 11.339 11.404 11.43 11.495 12.165 11.007 11.484 11.007 11.007 11.007 11.007 11.007 11.007 11.007 11.007 11.007 11.007 11.007 11.007 11.456 10.606 10.689 10.888 11.075 10.967 10.852 10.528 10.528 10.879 11.159 10.607 10.636 10.66 10.658 10.758 10.661 10.649 10.64 10.54 10.54 10.595 10.648 10.446 10.446 10.572 10.734 10.771 11.048 11.023 10.886 10.894 10.624 10.574 10.346 10.346
13.013 12.157 12.237 12.206 12.209 11.835 11.825 11.825 11.825 11.825 11.787 11.787 11.787 11.787 12.004 11.453 11.423 11.412 11.446 11.339 11.339 11.339 11.335 11.357 11.324 11.007 11.007 11.007 11.007 11.007 11.007 11.007 11.007 11.007 11.007 11.007 11.007 11.007 11.007 11.372 10.726 10.671 10.863 11.08 10.885 10.76 10.528 10.825 10.776 11.28 10.607 10.607 10.696 10.643 10.674 10.54 10.657 10.627 10.54 10.54 10.838 10.446 10.446 10.446 10.771 10.739 10.993 11.027 10.993 10.981 10.999 10.968 10.711 10.518 10.61
13.08 12.187 12.157 12.252 12.687 12.617 12.364 12.21 12.268 12.233 12.247 12.129 12.016 12.035 11.787 11.72 11.703 11.486 11.56 11.632 12.075 11.937 11.61 11.13 11.097 11.273 11.316 11.245 11.199 11.189 11.011 11.172 11.073 11.007 11.007 11.007 11.007 11.007 11.038 11.217 11.137 11.056 10.931 11.005 10.93 10.847 10.536 10.692 10.863 10.973 10.607 10.607 10.607 10.607 11.144 10.736 10.54 10.633 10.54 10.635 10.916 10.95 10.855 10.894 10.942 10.739 10.844 10.958 10.905 10.944 11.018 10.955 10.675 10.71 10.623
13.126 12.695 12.593 12.61 12.644 12.781 12.679 12.318 12.33 12.338 12.33 11.873 11.873 11.996 11.7 11.704 11.657 11.549 11.51 11.709 12.083 12.135 12.118 11.903 11.814 11.872 11.932 11.82 11.641 11.42 11.506 11.473 11.44 11.303 11.379 11.42 11.345 11.296 11.222 11.246 11.572 11.465 11.42 11.345 11.357 11.258 11.199 11.096 11.195 11.187 11.11 11.022 10.922 10.806 10.854 11.008 10.876 10.54 10.54 10.866 10.955 10.97 10.906 10.709 10.769 10.757 11.022 10.877 10.833 10.833 10.691 10.623 10.509 10.509 10.509
13.059 12.593 12.593 12.678 12.627 12.742 12.689 12.318 12.326 12.34 12.268 12.02 11.987 11.873 11.815 11.7 11.702 11.694 11.709 11.768 12.01 12.253 12.209 11.249 11.752 11.436 11.369 11.369 11.369 11.369 11.427 11.461 11.367 11.382 11.411 11.271 11.123 11.11 11.251 11.263 11.229 11.545 11.405 11.359 11.386 11.213 11.228 10.994 11.355 11.537 10.821 10.921 10.892 10.874 11.008 10.706 10.886 10.54 10.601 10.852 10.811 10.83 10.753 10.719 10.607 10.823 10.992 10.933 10.904 10.943 10.915 10.961 10.893 10.802 10.647
