data/hunting_dem.asc
ncols         514
nrows         417
xllcorner     272025
yllcorner     3291135
cellsize      30
NODATA_value  -9999
[rows 99 to 131 of 417, columns 225 to 299 of 514]
14.521 14.868 14.188 13.914 13.663 13.29 13.046 13.401 13.419 13.418 13.5 13.348 13.555 13.392 13.178 13.012 13.409 13.263 13.523 13.652 13.299 13.186 13.32 13.409 13.154 13.079 13.042 13.081 12.942 13.035 13.041 12.907 12.821 12.771 12.771 12.78 12.857 12.726 12.715 12.704 13.043 13 12.526 12.698 12.716 12.67 12.635 -9999 -9999 -9999 -9999 -9999 -9999 -9999 -9999 -9999 -9999 -9999 -9999 -9999 -9999 -9999 -9999 -9999 -9999 -9999 -9999 -9999 -9999 -9999 -9999 -9999 -9999 -9999 -9999
14.541 14.858 14.21 13.983 13.662 13.162 13.046 13.049 13.083 13.098 13.21 13.3 13.3 13.348 13.012 13.012 13.438 13.233 13.186 13.198 13.186 13.186 13.186 13.209 13.33 13.235 13.042 13.065 12.883 12.853 12.872 12.94 12.857 12.86 13.058 12.748 12.892 12.712 12.715 12.676 13.079 13.091 12.526 13.059 12.779 12.609 12.594 -9999 -9999 -9999 -9999 -9999 -9999 -9999 -9999 -9999 -9999 -9999 -9999 -9999 -9999 -9999 -9999 -9999 -9999 -9999 -9999 -9999 -9999 -9999 -9999 -9999 -9999 -9999 -9999
14.56 14.839 14.229 14.003 13.663 13.22 13.046 13.118 13.187 14.018 14.133 14.043 14.084 13.602 13.107 13.012 13.012 13.186 13.186 13.186 13.273 13.186 13.186 13.227 13.178 13.042 13.14 13.137 12.853 12.853 12.945 12.793 12.869 12.94 12.97 12.843 12.748 12.731 12.676 12.676 12.866 12.833 12.526 12.589 12.602 12.715 12.563 -9999 -9999 -9999 -9999 -9999 -9999 -9999 -9999 -9999 -9999 -9999 -9999 -9999 -9999 -9999 -9999 -9999 -9999 -9999 -9999 -9999 -9999 -9999 -9999 -9999 -9999 -9999 -9999
14.596 14.862 14.251 14.043 13.661 13.342 13.046 13.046 13.204 13.484 13.602 13.297 13.234 13.107 13.22 13.012 13.798 13.248 13.295 13.432 13.494 13.194 13.186 13.302 13.216 13.042 13.154 13.189 12.89 12.925 12.853 12.775 12.746 12.746 12.746 12.788 12.89 12.926 12.704 12.727 12.63 12.63 12.526 12.526 12.526 12.526 12.526 -9999 -9999 -9999 -9999 -9999 -9999 -9999 -9999 -9999 -9999 -9999 -9999 -9999 -9999 -9999 -9999 -9999 -9999 -9999 -9999 -9999 -9999 -9999 -9999 -9999 -9999 -9999 -9999
14.647 14.911 14.299 14.111 13.634 13.368 13.575 13.516 13.725 13.51 13.362 13.229 13.229 13.449 13.246 13.012 13.507 13.292 13.37 13.366 13.24 13.249 13.192 13.186 13.39 13.101 13.057 13.851 13.047 12.942 12.843 13.134 12.758 12.955 12.903 12.746 12.746 12.746 12.887 12.922 12.837 12.923 12.526 12.882 12.617 12.529 12.561 -9999 -9999 -9999 -9999 -9999 -9999 -9999 -9999 -9999 -9999 -9999 -9999 -9999 -9999 -9999 -9999 -9999 -9999 -9999 -9999 -9999 -9999 -9999 -9999 -9999 -9999 -9999 -9999
14.68 14.904 14.399 14.188 13.596 13.367 12.996 12.99 13.075 13.194 13.346 13.269 13.348 13.37 13.012 13.012 13.245 13.349 13.354 13.385 13.368 13.408 13.418 13.44 13.43 13.366 13.372 13.252 13.21 13.203 13.125 13.031 12.969 12.941 12.948 12.936 12.994 12.975 12.913 12.843 12.862 12.779 12.526 12.758 12.548 12.605 12.684 -9999 -9999 -9999 -9999 -9999 -9999 -9999 -9999 -9999 -9999 -9999 -9999 -9999 -9999 -9999 -9999 -9999 -9999 -9999 -9999 -9999 -9999 -9999 -9999 -9999 -9999 -9999 -9999
14.714 14.938 14.476 14.184 13.63 13.392 13.045 12.926 13.036 12.973 13.164 13.086 13.16 13.226 13.135 13.026 13.519 13.245 13.283 13.264 13.195 13.17 13.17 13.17 13.257 13.35 13.225 13.405 13.071 12.855 12.855 12.731 12.615 12.732 12.686 12.96 13.157 12.614 12.755 12.904 12.922 12.91 12.526 12.557 12.542 12.622 12.567 -9999 -9999 -9999 -9999 -9999 -9999 -9999 -9999 -9999 -9999 -9999 -9999 -9999 -9999 -9999 -9999 -9999 -9999 -9999 -9999 -9999 -9999 -9999 -9999 -9999 -9999 -9999 -9999
14.803 14.938 14.526 14.291 13.569 13.411 12.926 12.988 12.926 13.085 13.059 13.089 13.129 13.24 13.079 13.089 13.555 13.245 13.254 13.239 13.213 13.194 13.225 13.231 13.17 13.172 13.282 13.037 12.915 12.855 12.918 12.785 12.615 12.686 13.317 13.25 13.275 12.909 12.61 12.627 12.701 12.683 12.526 12.526 12.554 12.644 12.584 -9999 -9999 -9999 -9999 -9999 -9999 -9999 -9999 -9999 -9999 -9999 -9999 -9999 -9999 -9999 -9999 -9999 -9999 -9999 -9999 -9999 -9999 -9999 -9999 -9999 -9999 -9999 -9999
14.889 14.916 14.506 14.097 13.561 13.364 12.926 12.997 13.309 12.922 13.186 13.06 13.111 13.06 13.254 12.972 13.45 13.274 13.283 13.548 13.235 13.255 13.182 13.177 13.17 13.185 13.33 13.133 12.965 12.88 13.076 12.813 12.762 12.615 12.958 12.864 12.946 12.608 12.608 12.705 12.666 12.634 12.812 12.771 12.526 12.624 12.491 -9999 -9999 -9999 -9999 -9999 -9999 -9999 -9999 -9999 -9999 -9999 -9999 -9999 -9999 -9999 -9999 -9999 -9999 -9999 -9999 -9999 -9999 -9999 -9999 -9999 -9999 -9999 -9999
14.837 14.931 14.637 13.825 13.527 13.373 12.926 13.075 12.977 12.86 12.857 12.817 12.787 12.787 12.787 13.063 13.351 13.115 13.322 13.17 13.263 13.306 13.187 13.153 13.02 13.061 13.319 13.073 12.904 12.88 13.319 13.139 12.87 12.585 12.585 12.649 13.146 12.679 12.608 12.632 12.632 12.697 12.605 12.951 12.455 12.455 12.51 -9999 -9999 -9999 -9999 -9999 -9999 -9999 -9999 -9999 -9999 -9999 -9999 -9999 -9999 -9999 -9999 -9999 -9999 -9999 -9999 -9999 -9999 -9999 -9999 -9999 -9999 -9999 -9999
14.923 14.939 14.694 14.002 13.593 13.419 12.926 12.926 13.234 12.879 12.969 13.004 13.052 12.946 12.946 12.787 13.042 13.042 13.042 13.112 13.211 13.209 13.126 13.06 13.02 13.02 13.244 13.026 13.281 12.983 13.489 13.339 12.966 12.719 12.674 12.585 12.593 12.585 12.797 13.038 12.826 12.813 12.55 12.55 12.466 12.524 12.455 -9999 -9999 -9999 -9999 -9999 -9999 -9999 -9999 -9999 -9999 -9999 -9999 -9999 -9999 -9999 -9999 -9999 -9999 -9999 -9999 -9999 -9999 -9999 -9999 -9999 -9999 -9999 -9999
14.889 15.062 14.741 14.202 13.485 13.43 12.976 12.961 13.046 12.885 12.984 13.041 13.229 12.988 12.787 13.318 13.393 13.327 13.555 13.07 13.258 13.199 13.08 13.521 13.02 13.023 13.21 13.026 13.408 13.052 13.458 13.389 12.794 12.787 12.871 12.713 12.585 12.585 12.585 12.585 12.585 12.62 12.789 12.874 12.469 12.455 12.514 -9999 -9999 -9999 -9999 -9999 -9999 -9999 -9999 -9999 -9999 -9999 -9999 -9999 -9999 -9999 -9999 -9999 -9999 -9999 -9999 -9999 -9999 -9999 -9999 -9999 -9999 -9999 -9999
14.819 14.97 14.766 13.918 13.484 13.398 13.128 13.006 12.944 12.994 12.99 13.153 13.121 13.01 12.787 13.337 13.053 13.167 13.203 13.156 13.307 13.12 13.181 13.02 13.022 13.249 13.2 13.063 13.236 12.964 13.426 13.291 12.818 12.801 12.872 12.782 12.647 12.585 12.585 12.585 12.585 12.585 12.696 12.918 12.829 12.504 12.455 -9999 -9999 -9999 -9999 -9999 -9999 -9999 -9999 -9999 -9999 -9999 -9999 -9999 -9999 -9999 -9999 -9999 -9999 -9999 -9999 -9999 -9999 -9999 -9999 -9999 -9999 -9999 -9999
14.731 14.96 14.787 13.822 13.51 13.455 13.175 13.175 13.152 13.19 13.144 13.184 13.214 13.194 12.753 12.753 12.753 12.753 12.888 13.223 12.991 12.991 12.991 12.991 13.036 12.949 13.069 12.788 12.85 12.788 12.788 12.788 13.01 12.895 12.74 12.611 12.585 12.585 12.585 12.585 12.585 12.585 12.647 12.682 12.477 12.477 12.455 -9999 -9999 -9999 -9999 -9999 -9999 -9999 -9999 -9999 -9999 -9999 -9999 -9999 -9999 -9999 -9999 -9999 -9999 -9999 -9999 -9999 -9999 -9999 -9999 -9999 -9999 -9999 -9999
14.73 15.132 14.842 13.836 13.526 13.366 13.126 13.1 13.14 13.114 13.311 13.403 13.065 13.081 12.753 12.999 13.101 13.071 12.989 13.157 13.018 12.991 12.991 12.991 13.022 13.049 12.949 12.788 12.788 12.788 12.789 12.788 12.939 12.74 12.75 12.713 13.077 12.718 12.751 12.675 12.652 12.937 12.585 12.673 12.651 12.663 12.497 -9999 -9999 -9999 -9999 -9999 -9999 -9999 -9999 -9999 -9999 -9999 -9999 -9999 -9999 -9999 -9999 -9999 -9999 -9999 -9999 -9999 -9999 -9999 -9999 -9999 -9999 -9999 -9999
14.547 15.18 14.72 13.606 13.514 13.372 13.1 13.1 13.1 13.1 13.1 13.119 13.034 13.034 12.753 13.084 12.98 13.201 13.117 13.085 13.417 13.09 12.991 12.991 13.007 12.884 12.888 12.788 12.788 12.788 12.788 13.324 12.748 12.74 12.859 12.767 12.761 12.688 12.924 12.783 13.028 12.731 12.585 12.771 12.722 12.565 12.479 -9999 -9999 -9999 -9999 -9999 -9999 -9999 -9999 -9999 -9999 -9999 -9999 -9999 -9999 -9999 -9999 -9999 -9999 -9999 -9999 -9999 -9999 -9999 -9999 -9999 -9999 -9999 -9999
14.478 15.14 14.52 13.608 13.555 13.522 13.1 13.354 13.281 13.1 13.1 13.1 13.034 13.236 12.753 13.266 13.047 12.98 13.046 13.059 13.281 13.104 13.013 13.133 12.991 12.855 12.788 12.814 12.788 12.809 12.788 12.884 12.844 12.795 12.74 12.74 12.895 12.688 12.793 12.841 12.663 12.923 12.56 12.625 12.769 12.63 12.482 -9999 -9999 -9999 -9999 -9999 -9999 -9999 -9999 -9999 -9999 -9999 -9999 -9999 -9999 -9999 -9999 -9999 -9999 -9999 -9999 -9999 -9999 -9999 -9999 -9999 -9999 -9999 -9999
14.375 15.1 14.741 13.612 13.567 13.574 13.218 13.171 13.136 13.103 13.16 13.133 13.151 13.128 12.753 12.957 12.979 12.876 13.065 13.02 13.458 13.287 12.917 12.956 12.945 12.886 12.971 12.866 12.788 13.216 13.351 12.894 13.04 13.096 12.84 12.892 12.922 12.688 12.755 12.728 12.645 12.533 12.456 12.455 12.455 12.455 12.455 -9999 -9999 -9999 -9999 -9999 -9999 -9999 -9999 -9999 -9999 -9999 -9999 -9999 -9999 -9999 -9999 -9999 -9999 -9999 -9999 -9999 -9999 -9999 -9999 -9999 -9999 -9999 -9999
14.49 15.211 14.798 13.808 13.53 13.617 13.074 13.074 13.229 13.25 13.164 13.322 13.162 13.225 12.753 12.753 13.01 12.876 12.987 12.857 13.186 12.953 12.841 12.799 12.799 12.799 12.799 12.799 12.864 13.152 13.232 12.784 12.834 12.819 13.005 12.688 12.688 12.955 12.661 12.614 12.711 12.647 12.489 12.605 12.455 12.455 12.503 -9999 -9999 -9999 -9999 -9999 -9999 -9999 -9999 -9999 -9999 -9999 -9999 -9999 -9999 -9999 -9999 -9999 -9999 -9999 -9999 -9999 -9999 -9999 -9999 -9999 -9999 -9999 -9999
14.554 15.097 14.51 13.928 13.511 13.496 13.074 13.144 13.065 13.065 13.065 13.061 13.073 13.11 12.753 12.956 12.81 12.817 12.857 12.857 13.161 12.847 12.868 12.878 13.053 12.892 13.025 13.215 12.799 13.194 13.236 12.784 12.921 12.749 12.824 12.716 12.688 12.983 12.642 12.582 12.528 12.528 12.538 12.806 13.183 12.516 12.455 12.504 12.455 12.455 12.455 12.455 -9999 -9999 -9999 -9999 -9999 -9999 -9999 -9999 -9999 -9999 -9999 -9999 -9999 -9999 -9999 -9999 -9999 -9999 -9999 -9999 -9999 -9999 -9999
14.544 15.052 14.219 13.824 13.509 13.573 13.074 13.084 13.065 13.151 13.259 13.128 13.061 13.06 12.753 13.407 12.753 13.064 13.087 12.908 12.857 12.974 12.938 12.893 12.97 12.892 12.892 13.2 12.799 12.799 12.941 12.749 12.749 12.749 12.749 13.062 12.761 12.926 12.624 12.528 12.53 12.528 12.567 12.519 12.509 12.531 12.455 12.455 12.455 12.485 12.455 12.455 -9999 -9999 -9999 -9999 -9999 -9999 -9999 -9999 -9999 -9999 -9999 -9999 -9999 -9999 -9999 -9999 -9999 -9999 -9999 -9999 -9999 -9999 -9999
14.554 15.167 13.832 14.07 13.503 13.384 13.277 13.223 13.3 13.245 13.259 13.27 13.221 12.872 12.753 12.753 13.114 13.064 13.067 13.013 13.03 13.112 13.1 13.11 13.123 13.091 12.933 12.906 12.903 12.979 12.965 13.019 12.998 12.998 13.059 12.987 12.925 13.106 12.853 12.926 12.997 12.962 12.69 12.471 12.51 12.455 12.456 12.455 12.455 12.455 12.455 12.488 -9999 -9999 -9999 -9999 -9999 -9999 -9999 -9999 -9999 -9999 -9999 -9999 -9999 -9999 -9999 -9999 -9999 -9999 -9999 -9999 -9999 -9999 -9999
14.697 15.113 13.565 13.855 13.482 13.208 13.048 13.215 13.282 13.101 13.101 13.124 13.001 12.927 12.753 13.206 13.286 12.939 13.059 12.939 12.963 13.058 12.892 12.892 12.896 13.569 12.741 12.741 12.741 12.741 12.741 12.741 12.842 12.611 12.611 12.759 12.611 12.971 12.655 12.582 12.618 12.903 12.61 12.661 12.464 12.485 12.53 12.455 12.455 12.455 12.455 12.514 -9999 -9999 -9999 -9999 -9999 -9999 -9999 -9999 -9999 -9999 -9999 -9999 -9999 -9999 -9999 -9999 -9999 -9999 -9999 -9999 -9999 -9999 -9999
14.731 15.168 13.565 13.799 13.44 13.155 13.062 13.025 13.111 13.306 13.101 13.103 13.015 13.138 12.753 12.998 12.982 12.939 12.939 12.939 12.965 12.982 12.898 12.892 12.892 12.81 12.747 12.741 12.916 12.782 12.756 12.741 12.741 12.615 12.611 12.611 12.611 12.923 12.582 12.582 12.582 12.582 12.582 12.67 12.464 12.475 12.455 12.467 12.455 12.455 12.53 12.455 -9999 -9999 -9999 -9999 -9999 -9999 -9999 -9999 -9999 -9999 -9999 -9999 -9999 -9999 -9999 -9999 -9999 -9999 -9999 -9999 -9999 -9999 -9999
14.29 15.153 13.565 13.867 13.377 13.054 12.976 12.897 12.897 12.931 12.967 13.023 12.949 13.172 12.753 12.753 13.006 13.013 12.95 12.97 12.939 12.912 12.988 12.939 12.93 12.872 12.805 12.741 12.747 12.741 12.741 12.741 12.762 12.611 12.611 12.611 12.751 12.898 12.582 12.582 12.582 12.582 12.768 12.582 12.475 12.53 12.736 12.55 12.455 12.457 12.527 12.467 -9999 -9999 -9999 -9999 -9999 -9999 -9999 -9999 -9999 -9999 -9999 -9999 -9999 -9999 -9999 -9999 -9999 -9999 -9999 -9999 -9999 -9999 -9999
14.109 15.109 13.565 13.912 13.401 13.05 12.897 12.897 13.049 13.029 12.931 12.95 12.949 13.17 12.753 13.169 12.857 12.812 12.8 12.793 12.793 12.85 12.8 12.735 12.897 12.963 12.907 12.83 12.839 12.838 12.772 12.772 12.88 12.84 12.861 12.692 12.611 12.915 12.582 12.582 12.582 12.582 12.684 12.82 12.705 12.693 12.695 12.638 12.653 12.742 12.657 12.582 -9999 -9999 -9999 -9999 -9999 -9999 -9999 -9999 -9999 -9999 -9999 -9999 -9999 -9999 -9999 -9999 -9999 -9999 -9999 -9999 -9999 -9999 -9999
13.769 15.095 13.565 13.956 13.37 12.963 12.897 13.14 12.9 13.145 13.163 12.949 12.989 13.17 12.753 12.943 12.84 12.781 12.954 12.818 12.795 12.79 12.873 12.759 12.735 12.959 12.711 12.711 12.786 12.771 12.738 12.623 12.616 12.597 12.7 12.902 12.74 12.582 12.797 12.815 12.825 12.78 12.77 12.798 12.693 12.743 12.748 12.548 12.485 12.505 12.49 12.66 -9999 -9999 -9999 -9999 -9999 -9999 -9999 -9999 -9999 -9999 -9999 -9999 -9999 -9999 -9999 -9999 -9999 -9999 -9999 -9999 -9999 -9999 -9999
13.72 15.033 13.565 14.059 13.355 12.897 12.902 12.92 12.887 12.882 13.028 12.942 12.972 12.943 12.753 12.8 12.927 13.103 12.716 12.691 12.748 12.692 12.751 12.744 12.796 12.711 12.819 12.711 12.735 12.711 12.57 12.57 12.593 12.568 12.711 13.031 12.582 12.582 12.75 12.922 12.815 12.821 12.824 13.072 12.994 13.034 12.682 12.616 12.485 12.485 12.552 12.782 12.406 12.453 13.387 12.413 12.603 12.413 12.413 12.413 12.539 13.066 12.541 12.774 -9999 -9999 -9999 -9999 -9999 -9999 -9999 -9999 -9999 -9999 13.034
14.096 14.929 13.565 13.864 13.429 12.699 12.996 12.795 12.954 12.882 12.815 12.883 13.02 13.048 12.631 13.143 13.045 12.758 12.666 12.666 12.678 12.694 12.732 12.829 12.711 12.711 12.725 12.711 12.711 12.777 12.57 12.57 12.809 12.568 12.694 12.937 12.582 12.582 12.911 13.117 13.074 13.091 13.079 13.084 13.089 13.062 12.638 12.584 12.485 12.644 12.8 12.792 12.385 12.385 12.514 12.43 12.481 12.413 12.413 12.413 12.981 12.875 12.541 12.607 -9999 -9999 -9999 -9999 -9999 -9999 -9999 -9999 13.042 13.079 13.13
14.594 14.872 13.565 13.815 13.407 12.768 12.699 12.699 12.699 12.786 12.911 12.986 12.764 12.757 12.631 12.898 12.821 12.72 12.712 12.726 12.666 12.666 12.86 12.799 12.969 12.92 12.711 12.711 12.711 12.802 12.57 12.57 12.57 12.522 12.723 12.68 12.694 12.818 12.824 12.81 13.042 13.029 12.992 13.073 12.996 13.078 12.515 12.496 12.438 13.059 13.007 12.792 12.385 12.458 12.452 12.445 12.429 12.413 12.413 12.438 12.958 12.742 12.413 12.552 -9999 -9999 -9999 -9999 -9999 -9999 13.062 12.858 12.858 13.472 13.502
14.465 14.826 13.565 13.789 13.208 12.699 12.699 12.977 12.973 12.812 12.848 12.733 12.892 12.92 12.631 13.142 12.986 12.753 12.86 12.984 12.702 13.069 12.647 12.647 13.043 12.832 12.994 12.872 12.845 12.882 12.646 12.624 12.716 12.529 12.522 12.498 12.583 12.765 12.791 12.794 13.043 12.842 12.54 12.567 12.622 12.606 12.57 12.519 12.383 12.383 12.383 12.389 12.423 12.385 12.383 12.539 12.413 12.445 12.413 12.438 12.42 12.413 12.796 12.837 -9999 -9999 -9999 -9999 12.935 13.063 12.858 13.003 14.202 14.092 13.341
14.608 14.837 13.565 13.785 13.161 12.771 12.699 12.946 13.029 12.894 12.733 12.733 12.967 13.089 12.631 13.043 12.984 12.63 13.022 12.689 12.718 12.624 12.914 12.659 12.753 12.509 12.706 12.52 12.849 12.738 12.674 12.511 12.5 12.524 12.498 12.532 12.498 12.335 12.335 13.036 13.003 12.991 12.54 12.88 12.833 12.764 12.807 12.42 12.383 12.651 12.383 12.383 12.383 12.383 12.383 12.455 12.413 12.413 12.413 12.413 12.413 12.413 12.704 12.644 -9999 -9999 -9999 13.726 13.65 13.436 13.936 13.674 12.976 12.976 13.429
14.973 14.811 13.565 13.565 13.363 12.766 12.699 12.882 12.785 12.733 12.735 12.733 12.822 12.812 12.631 12.631 12.95 12.63 12.743 12.613 12.867 12.577 12.582 12.549 12.494 12.494 12.52 12.596 12.81 12.771 12.749 12.62 12.498 12.572 12.647 12.613 12.589 12.335 12.335 12.335 12.335 12.335 12.41 12.471 12.558 12.51 12.614 12.473 12.383 12.628 12.824 12.682 12.383 12.409 12.405 12.431 12.413 12.413 12.904 13.175 12.935 12.502 12.82 12.502 -9999 13.391 13.74 13.567 14.008 13.426 12.976 12.976 13.066 13.217 13.258
