data/hunting_dem.asc
ncols         514
nrows         417
xllcorner     272025
yllcorner     3291135
cellsize      30
NODATA_value  -9999
[rows 330 to 362 of 417, columns 300 to 374 of 514]
11.764 17.145 16.481 16.286 16.028 15.895 15.936 15.699 15.633 15.724 15.888 15.442 15.442 15.641 15.498 15.449 15.432 15.436 15.29 15.072 15.499 21.401 14.695 8.977 9.018 9.187 9.252 9.402 9.932 9.525 9.491 9.358 9.358 9.241 14.222 13.708 13.671 13.745 13.633 13.539 13.258 13.173 13.146 13.994 13.413 13.314 13.221 13.302 13.231 13.351 13.209 13.229 13.12 13.143 13.15 13.044 12.931 12.911 12.911 13.573 14.048 13.652 13 15.049 12.179 11.927 12.287 11.927 11.927 11.927 11.927 11.927 11.927 11.927 11.927
11.812 17.395 16.706 16.436 15.895 16.1 16.107 15.776 15.959 15.831 15.96 15.544 15.791 15.747 15.572 15.786 15.547 15.412 15.323 15.072 15.728 21.609 14.82 8.977 9.387 9.533 9.711 9.397 9.987 9.55 9.475 9.358 9.521 9.241 14.301 13.768 13.724 13.867 13.696 13.561 13.391 13.343 13.146 13.404 13.288 13.413 13.419 13.385 13.267 13.321 13.317 13.428 13.269 13.117 13.097 12.992 12.995 12.911 12.924 12.911 13.491 13.366 13.094 13.049 14.861 11.927 12.28 11.927 11.927 11.927 12.783 11.927 11.927 11.927 11.927
11.697 17.472 16.76 16.641 16.326 16.331 16.2 15.776 15.971 16.155 16.075 15.954 16.94 15.966 15.806 15.6 15.76 15.323 15.705 15.072 15.56 21.876 15.041 8.977 9.62 9.498 9.695 9.439 9.971 9.548 9.515 9.443 9.499 9.241 14.448 13.724 13.766 14.013 13.67 13.765 13.723 13.459 13.305 13.288 13.336 13.554 13.385 13.393 13.36 13.419 13.331 13.326 13.184 13.164 13.014 12.954 12.954 12.968 12.911 12.911 12.963 13.701 13.064 13.187 13.214 14.253 11.927 11.927 11.927 12.13 11.927 11.927 11.927 11.927 11.927
11.315 17.591 17.257 16.827 16.326 16.438 16.288 16.192 16.036 15.954 15.954 15.954 16.272 15.642 16.185 15.609 15.529 15.425 15.539 15.072 15.54 21.265 15.346 8.714 9.278 9.539 9.404 9.574 9.999 9.468 9.456 9.441 10.582 9.241 14.51 13.724 13.928 14.074 13.921 13.772 13.748 13.421 13.29 13.294 13.513 13.417 13.469 13.429 13.435 13.466 13.397 13.304 13.283 13.126 13.108 13.711 13.069 13.158 13.091 12.911 12.942 12.911 13.829 12.931 13.809 13.61 13.539 11.927 11.927 11.974 11.927 11.927 11.927 11.927 11.927
11.433 17.581 17.4 16.326 16.326 16.435 16.319 16.222 15.954 16.063 16.091 16.149 17.693 15.638 15.609 15.647 15.425 15.433 15.585 15.072 15.526 21.655 15.636 8.714 9.608 9.352 9.569 9.891 9.946 9.919 9.781 9.483 9.361 9.241 14.532 13.724 14.021 14.131 13.996 13.835 13.765 13.457 13.35 13.334 13.534 13.545 13.518 13.471 13.481 13.457 13.585 13.376 13.282 13.196 13.135 13.086 13.918 13.206 13.031 13.045 12.911 12.963 12.931 14.891 13.037 13.021 14.487 12.623 11.927 11.927 11.927 11.927 11.927 11.927 11.927
11.521 17.779 17.73 16.326 16.797 16.429 15.967 15.967 16.403 16.414 15.871 15.849 16.063 15.849 15.771 15.759 15.588 15.571 15.395 15.072 15.777 21.764 15.493 8.645 9.319 9.585 9.352 9.367 10.072 9.483 9.483 9.527 9.695 9.241 14.571 14.33 14.223 14.26 14.086 13.911 13.721 13.615 13.491 13.42 13.953 13.518 14.717 13.537 13.484 13.496 13.62 13.469 13.275 13.232 13.161 13.084 13.083 13.025 12.992 13.128 12.99 13.039 12.933 12.936 15.064 13.101 13.021 15.108 11.927 11.927 11.927 11.927 11.927 11.927 11.927
11.384 17.725 17.749 16.326 16.757 16.592 16.422 16.31 16.1 16.103 16.899 16.273 15.849 16.866 16.041 15.592 15.715 15.579 16.204 15.663 15.973 21.872 15.392 8.645 9.306 9.486 9.649 9.804 10.076 9.483 9.502 9.484 9.431 9.261 14.921 14.399 14.29 14.297 14.068 14.058 13.973 13.66 13.599 13.504 13.548 13.518 13.553 13.623 13.648 13.696 13.681 13.494 13.679 13.324 13.234 13.142 13.223 13.123 12.992 12.992 12.997 13.063 12.971 13.038 13.303 14.755 13.167 12.706 15.082 11.927 11.927 11.927 11.927 11.927 11.927
11.272 17.712 18.076 16.326 17.224 16.942 16.692 17.265 16.494 16.479 16.156 15.849 16.075 16.331 15.901 17.473 15.807 15.797 15.853 15.849 15.82 21.947 15.313 8.645 9.341 9.902 9.593 9.593 10.117 9.598 9.556 9.481 9.416 9.296 15.82 14.323 14.459 14.293 14.474 14.113 14.118 13.729 13.713 13.718 13.64 13.518 13.614 13.721 13.684 13.689 13.595 13.483 13.414 13.41 13.275 13.159 13.193 13.279 13.665 13.121 13.02 13.271 12.971 12.971 13.09 13.62 13.977 13.644 13.011 15.016 11.927 11.927 11.927 11.927 11.927
11.276 17.855 18.501 17.283 16.89 16.821 16.939 16.735 16.461 16.635 16.172 16.048 16.13 16.323 16.013 15.964 15.939 15.991 15.828 15.82 16.058 21.99 15.463 8.536 9.722 9.901 9.778 9.626 10.114 9.611 9.796 9.591 9.536 9.245 16.297 14.519 15.711 14.397 14.267 14.252 14.042 14.254 13.778 13.776 13.864 13.563 14.011 14.316 13.684 13.739 13.754 14.415 13.448 13.442 14.285 13.266 13.267 13.094 13.626 13.02 13.02 13.047 13.111 13.249 12.971 13.068 13.603 13.34 13.799 13.117 14.641 11.927 11.927 11.927 11.927
11.252 17.795 18.681 17.298 17.083 17.404 16.915 16.659 16.461 16.461 16.498 16.298 16.477 16.434 16.218 16.106 16.175 15.828 16.22 15.82 16.807 22.282 16.415 8.536 9.553 9.53 9.594 9.862 10.063 9.611 9.716 9.716 9.649 9.245 16.25 14.767 14.578 14.652 14.274 14.163 14.289 14.11 14.176 14.254 14.279 14.455 14.123 13.995 13.776 14.372 13.812 13.72 13.59 13.457 13.447 13.387 13.248 13.223 13.094 13.02 13.053 13.02 13.039 13.008 13.044 13.059 13.059 13.663 13.227 13.851 13.21 13.764 11.927 11.927 11.927
10.862 17.825 18.888 17.848 17.22 17.42 17.157 17.004 16.872 16.998 16.499 16.27 16.219 16.462 16.106 16.167 15.909 15.828 16.346 15.82 16.585 22.242 15.63 8.501 9.53 9.63 9.613 9.614 10.144 9.834 9.794 9.853 9.894 9.245 16.221 14.815 14.668 14.722 14.446 14.58 14.382 14.483 14.299 14.271 14.398 14.198 14.06 13.981 13.889 13.93 13.894 13.716 14.194 13.646 13.433 13.395 13.293 13.313 13.178 13.095 13.128 13.114 13.05 13.126 13.086 13.119 13.117 13.059 14.338 13.059 13.906 14.135 12.948 11.927 11.927
10.687 17.872 19.423 18.028 17.486 17.157 17.525 17.365 17.146 17.086 16.74 16.76 16.76 16.106 16.688 16.302 16.211 16.282 16.685 15.82 16.682 22.221 15.81 -9999 -9999 -9999 -9999 -9999 -9999 -9999 9.867 9.694 9.517 9.245 16.029 15.003 14.983 14.941 14.579 14.487 14.545 14.505 14.483 15.298 14.459 14.251 14.261 14.206 14.187 14.062 13.972 13.762 13.874 13.64 13.491 13.45 13.39 13.397 13.269 13.817 13.112 13.138 13.185 13.129 13.097 13.2 13.145 13.059 13.12 15.059 13.059 13.18 14.973 11.927 11.927
11.142 17.819 20.126 18.458 17.718 17.564 17.595 17.228 17.203 17.04 16.99 17.033 16.858 16.644 16.749 17.203 16.211 16.224 16.129 15.821 16.674 22.182 15.99 -9999 -9999 -9999 -9999 -9999 -9999 -9999 -9999 -9999 -9999 -9999 -9999 14.983 15.131 15.131 14.887 14.889 14.715 14.76 14.717 14.637 14.721 14.598 14.576 14.409 14.37 14.227 14.018 14.307 13.924 13.637 13.637 13.6 14.718 13.847 13.331 13.327 13.179 13.185 13.162 13.204 13.103 13.097 13.244 13.212 13.059 13.059 15.083 13.237 13.162 15.199 11.927
10.993 17.533 20.271 18.345 17.843 17.564 17.718 17.568 17.679 17.379 17.18 16.75 16.75 16.923 16.732 16.371 16.566 16.638 16.51 16.371 16.667 21.754 16.066 -9999 -9999 -9999 -9999 -9999 -9999 -9999 -9999 -9999 -9999 -9999 -9999 14.983 15.21 15.19 15.291 14.933 15.08 15.205 15.075 15.25 15.202 14.891 14.818 14.591 14.384 14.199 14.075 14.042 13.98 13.814 13.926 13.668 13.666 13.459 13.442 13.385 14.066 13.234 13.202 13.258 13.203 13.259 13.116 13.266 13.137 13.059 13.528 14.449 13.34 13.263 15.174
10.815 17.392 20.436 18.213 18.212 17.564 17.831 17.979 17.823 17.748 17.632 17.484 17.333 16.99 17.308 17.008 16.68 16.838 16.671 16.371 17.358 21.393 16.253 -9999 -9999 -9999 -9999 -9999 -9999 -9999 -9999 -9999 -9999 -9999 -9999 15.159 15.51 15.368 15.712 15.417 15.4 15.538 15.857 15.482 15.443 15.339 15.088 14.943 14.336 14.316 14.076 14.052 14.058 13.961 14.005 13.781 13.805 13.775 13.562 13.398 13.358 13.256 13.233 13.336 13.252 13.23 13.213 13.228 13.312 13.293 13.098 13.527 13.605 13.584 13.318
11.247 17.323 20.566 18.204 18.204 18.35 18.385 17.994 17.748 17.895 17.86 17.758 17.601 17.162 17.435 17.3 17.559 16.979 16.371 16.371 17.231 21.468 16.101 -9999 -9999 -9999 -9999 -9999 -9999 -9999 -9999 -9999 -9999 -9999 -9999 15.444 15.399 15.611 15.751 15.723 15.891 15.833 15.923 15.753 15.558 15.785 16.158 15.864 15.064 15.026 14.334 14.202 14.178 14.102 14.073 13.908 13.8 13.808 13.623 13.458 13.384 13.354 13.261 13.371 13.345 13.235 13.301 13.213 13.293 13.144 13.281 13.098 13.532 13.246 13.505
10.855 17.333 20.112 18.395 18.563 18.43 18.568 18.614 18.621 18.525 18.172 17.601 17.768 17.51 19.247 17.279 17.086 17.046 16.798 16.371 17.032 21.254 16.156 -9999 -9999 -9999 -9999 -9999 -9999 -9999 -9999 -9999 -9999 -9999 -9999 15.43 15.544 15.703 15.964 15.99 16.169 16.171 16.214 15.887 15.727 15.773 15.921 16.298 16.524 15.684 14.908 14.456 14.385 14.283 14.246 14.088 14.063 13.758 13.642 13.479 13.433 13.412 13.351 13.347 13.312 13.275 13.366 13.278 13.325 13.23 13.252 13.141 13.098 14.6 13.31
10.679 17.338 20.465 18.585 18.708 18.697 18.909 19.005 18.92 18.717 18.441 18.272 18.4 17.965 17.456 17.311 16.654 16.654 16.398 16.371 16.827 21.544 14.978 -9999 -9999 -9999 -9999 -9999 -9999 -9999 -9999 -9999 -9999 -9999 -9999 15.43 15.587 15.909 16.442 16.512 16.49 16.405 16.584 16.352 15.989 15.954 15.987 15.897 16.273 15.54 14.975 14.825 14.656 14.418 14.419 14.235 14.029 13.9 13.793 13.606 13.441 13.41 13.377 13.357 13.344 13.444 13.441 13.267 13.248 13.412 13.243 13.196 13.098 13.098 13.606
10.695 17.397 20.983 18.864 18.823 19.003 19.267 19.148 19.267 19.024 18.653 18.641 18.347 18.105 17.647 17.182 17.122 16.824 17.208 16.371 16.818 21.487 15.219 -9999 -9999 -9999 -9999 -9999 -9999 -9999 -9999 -9999 -9999 -9999 -9999 15.493 15.639 16.165 16.456 16.453 16.93 17.018 17.058 16.812 16.235 16.151 16.106 15.992 15.704 15.609 15.293 14.945 14.763 14.581 14.523 14.35 14.076 13.891 13.838 13.637 13.56 13.506 13.438 13.458 13.382 13.406 13.364 13.334 13.27 13.236 13.205 13.188 13.262 13.137 14.111
10.239 17.253 21.216 18.804 18.981 19.284 19.397 19.453 19.525 19.21 19.114 18.788 18.317 17.839 18.191 17.605 17.459 17.046 16.687 16.371 17.155 21.205 -9999 -9999 -9999 -9999 -9999 -9999 -9999 -9999 -9999 -9999 -9999 -9999 -9999 15.672 16.018 16.33 16.346 16.696 16.992 17.045 17.787 17.377 16.461 16.362 16.273 16.137 15.892 15.731 15.42 15.115 14.823 14.795 14.635 14.467 14.265 13.96 13.903 13.651 13.594 13.608 13.535 13.586 13.447 13.569 13.481 13.394 13.309 13.362 13.2 13.194 13.139 13.137 13.137
10.17 17.059 21.407 18.804 19.282 19.338 20.082 19.814 19.613 19.119 19.099 18.278 18.664 18.28 18.243 17.331 17.55 17.07 16.626 16.371 16.932 21.029 -9999 -9999 -9999 -9999 -9999 -9999 -9999 -9999 -9999 -9999 -9999 -9999 -9999 15.615 16.011 16.505 16.33 16.622 17.291 17.694 18.083 17.546 17.11 16.71 16.454 16.185 16.005 15.722 15.333 15.168 14.945 14.852 14.758 14.602 14.294 14.177 13.951 13.754 13.648 13.633 13.614 13.547 13.543 13.538 13.511 13.404 13.366 13.414 13.497 13.358 14.043 13.596 13.42
10.19 17.066 21.841 18.777 19.076 19.284 18.955 19.6 19.843 19.603 19.179 19.309 18.278 17.645 17.671 17.71 17.331 17.614 17.608 17.239 17.57 20.58 -9999 -9999 -9999 -9999 -9999 -9999 -9999 -9999 -9999 -9999 -9999 -9999 -9999 18.944 15.873 16.352 16.78 16.77 17.022 17.352 17.987 17.809 17.43 16.983 16.494 16.365 16.134 15.709 15.438 15.248 15.049 14.96 14.694 14.617 14.321 14.08 14.015 13.82 13.743 13.695 13.665 13.648 13.659 13.557 13.511 13.546 13.737 13.397 13.442 13.407 15.248 14.757 13.749
10.19 17.147 22.11 18.587 18.765 18.955 19.207 19.446 19.298 19.076 18.865 18.035 18.203 17.7 17.645 17.258 17.239 17.239 17.239 17.239 17.247 20.865 -9999 -9999 -9999 -9999 -9999 -9999 -9999 -9999 -9999 -9999 -9999 -9999 -9999 15.777 15.951 16.577 16.563 17.565 17.137 17.73 17.729 17.506 17.374 16.958 16.655 16.361 16.134 15.774 15.434 15.286 15.095 14.933 14.702 14.534 14.433 14.039 13.937 13.887 13.828 13.849 13.863 13.761 13.767 13.626 13.564 13.483 13.483 13.423 13.447 14.719 13.752 14.588 13.787
10.372 17.081 22.47 18.581 18.936 19.104 18.773 19.228 19.34 18.192 18.515 18.855 18.035 17.784 17.648 17.375 17.287 17.239 17.239 17.239 17.239 20.445 -9999 -9999 -9999 -9999 -9999 -9999 -9999 -9999 -9999 -9999 -9999 -9999 -9999 15.777 15.903 16.231 16.602 18.01 17.451 18.281 18.139 17.201 17.219 16.87 16.602 16.274 15.893 15.636 15.44 15.196 15.026 14.799 14.742 14.446 14.32 14.068 14.008 13.942 13.917 13.812 13.812 13.904 13.807 13.61 13.574 13.621 13.554 15.135 13.423 13.572 13.634 13.472 13.583
10.229 17.204 22.274 18.35 18.133 19.355 18.508 18.178 18.593 18.534 18.192 18.071 17.83 17.797 17.81 17.577 17.354 17.239 17.239 17.239 17.239 20.361 -9999 -9999 -9999 -9999 -9999 -9999 -9999 -9999 -9999 -9999 -9999 -9999 -9999 15.813 15.777 15.978 16.206 17.245 17.139 17.305 17.429 17.31 17.13 16.758 16.325 16.044 15.756 15.457 15.381 15.169 14.96 14.802 14.604 14.454 14.279 14.272 14.044 14.036 13.933 13.977 13.846 13.793 13.634 13.775 13.617 13.674 13.542 13.548 13.468 13.574 13.531 13.505 13.417
10.229 17.126 21.732 18.326 18.133 18.133 18.215 18.178 18.524 18.392 18.987 18.588 18.64 17.913 17.796 17.239 17.239 17.239 17.239 17.239 17.239 20.06 -9999 -9999 -9999 -9999 -9999 -9999 -9999 -9999 -9999 -9999 -9999 -9999 -9999 -9999 15.855 15.823 17.231 17.171 16.863 17.585 17.484 17.278 17.05 16.473 16.059 15.942 15.686 15.414 15.269 15.144 14.912 14.879 14.611 14.544 14.321 14.205 14.127 14.048 14.039 14.039 13.897 13.894 13.843 13.994 13.763 13.631 13.701 13.505 13.562 13.502 13.463 13.484 13.458
10.968 17.275 21.518 18.133 18.133 18.133 18.133 18.133 18.133 18.133 18.133 18.047 18.047 17.912 17.784 17.492 17.239 17.239 17.239 17.239 17.339 20.399 -9999 -9999 -9999 -9999 -9999 -9999 -9999 -9999 -9999 -9999 -9999 -9999 -9999 -9999 15.918 16.26 16.673 16.605 17.06 16.899 17.019 16.803 16.61 16.137 15.847 15.869 15.489 15.428 15.246 15.121 14.938 14.894 14.72 14.521 14.301 14.188 14.095 14.055 14.042 13.913 13.906 13.949 13.886 14.008 13.783 13.736 13.622 13.547 13.577 13.557 13.55 13.463 13.717
10.968 17.323 21.111 18.133 18.133 18.133 18.133 18.133 18.133 18.133 18.458 18.047 18.112 17.989 17.994 17.801 17.578 17.641 17.57 17.251 17.239 20.712 -9999 -9999 -9999 -9999 -9999 -9999 -9999 -9999 -9999 -9999 -9999 -9999 -9999 -9999 15.957 17.05 18.174 16.605 16.722 16.858 16.606 16.496 16.203 15.939 15.766 15.621 15.338 15.254 15.113 14.983 14.95 14.796 14.709 14.604 14.355 14.218 14.1 14.133 13.99 14.18 13.906 13.942 13.875 13.68 13.683 13.68 13.683 13.547 13.553 13.516 13.516 13.567 13.463
10.968 17.359 21.475 22.164 22.241 21.605 21.67 21.712 21.824 21.754 21.848 21.565 21.625 21.256 21.187 21.122 21.158 21.096 21.301 21.392 21.315 20.787 -9999 -9999 -9999 -9999 -9999 -9999 -9999 -9999 -9999 -9999 -9999 -9999 -9999 -9999 16.906 16.391 16.326 16.326 16.237 16.237 16.207 16.203 16.258 15.757 15.559 15.372 15.309 15.162 15.198 15.12 14.967 14.831 14.699 14.711 14.6 14.153 14.117 13.999 14.189 14.096 14.055 14.029 13.935 13.833 13.68 13.707 13.614 13.663 13.612 13.516 13.535 13.616 13.49
11.105 16.801 17.037 17.154 17.049 17.277 17.137 17.081 17.157 17.01 17.42 17.613 17.477 17.489 17.542 17.304 17.601 17.332 17.416 17.36 17.338 17.33 -9999 -9999 -9999 -9999 -9999 -9999 -9999 -9999 -9999 -9999 -9999 -9999 -9999 -9999 17.218 16.583 16.36 16.506 16.381 16.438 16.347 16.273 16.223 16.39 16.124 16.188 16.129 16.303 16.184 16.12 15.932 15.931 16.096 16.338 14.714 14.38 14.303 14.267 14.128 14.096 13.971 13.831 13.839 13.829 13.889 13.835 13.876 13.875 13.855 13.765 13.771 13.745 13.755
10.8 13.283 13.04 13.234 13.256 13.166 12.735 12.799 12.547 12.593 12.477 12.353 12.373 12.399 12.246 12.28 12.228 12.1 12.178 12.248 12.242 12.165 -9999 -9999 -9999 -9999 -9999 -9999 -9999 -9999 -9999 -9999 -9999 -9999 -9999 -9999 10.368 10.332 10.192 10.099 10.155 9.816 9.863 9.87 9.941 9.757 9.758 9.891 9.773 9.691 9.641 9.777 9.728 9.728 9.78 9.903 9.479 9.493 9.514 9.206 9.445 9.281 9.519 9.26 9.45 9.652 9.395 9.374 9.166 9.082 9.082 9.082 9.405 9.529 9.758
9.522 9.668 9.629 9.597 9.576 9.602 9.578 9.67 9.722 9.685 9.674 9.735 9.719 9.69 9.634 9.619 9.539 9.516 9.492 9.456 9.427 9.452 -9999 -9999 -9999 -9999 -9999 -9999 -9999 -9999 -9999 -9999 -9999 -9999 -9999 -9999 -9999 -9999 -9999 -9999 -9999 -9999 -9999 -9999 -9999 -9999 -9999 -9999 -9999 -9999 -9999 -9999 -9999 -9999 -9999 -9999 -9999 -9999 -9999 -9999 -9999 -9999 -9999 -9999 -9999 -9999 -9999 -9999 -9999 -9999 -9999 -9999 -9999 -9999 -9999
-9999 -9999 -9999 -9999 -9999 -9999 -9999 -9999 -9999 -9999 -9999 -9999 -9999 -9999 -9999 -9999 -9999 -9999 -9999 -9999 -9999 -9999 -9999 -9999 -9999 -9999 -9999 -9999 -9999 -9999 -9999 -9999 -9999 -9999 -9999 -9999 -9999 -9999 -9999 -9999 -9999 -9999 -9999 -9999 -9999 -9999 -9999 -9999 -9999 -9999 -9999 -9999 -9999 -9999 -9999 -9999 -9999 -9999 -9999 -9999 -9999 -9999 -9999 -9999 -9999 -9999 -9999 -9999 -9999 -9999 -9999 -9999 -9999 -9999 -9999
