data/sanjacintoriver_dem.asc
ncols         745
nrows         406
xllcorner     275625
yllcorner     3284415
cellsize      30
NODATA_value  -9999
[rows 297 to 329 of 406, columns 518 to 591 of 745]
8.791 9.149 9.057 8.957 8.88 8.88 8.88 8.88 8.839 8.746 8.746 8.746 8.687 8.632 8.632 8.632 8.679 8.632 8.632 8.632 8.632 8.632 8.632 8.632 8.632 8.632 8.632 8.632 8.632 8.686 8.844 8.537 8.858 8.986 8.965 9.024 9.056 8.765 8.796 8.893 8.976 8.899 8.917 8.537 9.147 9.11 9.031 9.066 9.095 9.006 8.923 8.91 8.859 8.747 9.443 9.46 8.706 9.103 9.474 8.623 8.506 8.101 8.774 9.032 8.95 9.103 9.162 9.195 9.247 9.002 9.047 8.936 8.968 8.963
8.8 9.407 9.454 9.316 9.39 9.398 9.332 9.177 9.204 9.207 8.746 9.259 9.244 9.345 9.217 8.632 8.632 8.632 8.945 8.909 8.886 8.909 9.003 9.015 9.066 8.84 8.833 8.632 8.823 8.632 8.537 8.537 8.537 8.844 8.795 8.8 8.754 8.871 8.886 8.87 8.935 9.011 8.932 8.537 8.918 8.785 8.984 9.047 9.058 9.03 8.928 8.918 8.902 8.747 9.451 9.194 8.537 9.455 9.49 8.629 8.484 8.101 8.771 9.218 8.998 9.044 9.431 9.255 9.228 8.996 9.021 8.979 8.991 8.993
8.8 9.494 9.371 9.369 9.183 9.206 9.255 9.202 9.193 9.223 8.871 9.235 9.415 9.409 9.139 9.86 15.492 8.632 8.873 9.056 9.09 9.057 9.11 8.924 8.978 8.826 8.77 8.728 8.896 8.607 8.644 8.575 8.537 8.537 8.537 8.537 8.537 8.537 8.537 8.537 8.537 8.537 8.586 8.537 8.646 8.537 8.537 8.537 8.537 8.537 8.537 8.537 8.537 8.537 8.537 8.537 8.537 8.9 9.144 8.537 8.58 8.101 8.844 9.231 9.011 9.137 9.526 9.245 9.3 8.95 9.016 8.987 8.989 8.99
8.8 9.379 9.353 9.256 9.334 9.093 9.093 9.044 8.914 8.871 8.871 9.317 9.338 9.424 9.139 12.168 15.279 8.632 9.043 9.155 9.036 9.072 9.231 9.026 8.785 9.011 8.686 8.823 8.853 8.62 8.609 9.419 8.668 8.554 8.537 8.578 8.735 8.537 9.105 8.537 8.537 8.537 8.537 8.537 8.866 8.599 8.537 8.798 8.703 8.734 8.639 8.627 8.626 8.706 8.615 8.579 8.537 8.537 8.537 8.848 8.803 8.656 8.613 8.933 8.989 8.78 9.339 9.126 9.181 8.887 8.731 8.891 8.82 8.889
8.8 9.304 9.274 9.322 9.331 9.29 9.162 9.145 9.066 9.081 8.91 9.402 9.188 9.144 9.139 12.02 14.943 8.632 8.632 8.632 8.632 8.632 8.632 8.632 8.632 8.632 8.632 8.632 8.71 8.654 8.85 9.506 9.085 8.537 8.537 8.758 8.687 8.537 8.537 8.537 8.537 9.058 9.282 8.537 8.793 8.721 8.537 8.537 8.537 8.537 8.537 8.537 8.537 8.537 8.537 8.537 8.537 8.537 8.537 9.244 9.378 8.537 8.574 8.641 8.729 8.49 8.49 8.49 8.49 8.49 8.49 8.49 8.49 8.49
8.8 9.116 9.169 9.107 9.107 9.107 9.035 8.977 8.977 8.977 8.91 8.994 9.135 9.162 9.139 11.665 14.426 8.632 8.935 8.882 9.001 9.01 8.863 8.766 8.784 8.738 8.652 8.72 8.632 8.633 8.772 8.649 8.537 8.537 8.643 8.831 8.843 8.537 8.537 8.537 8.537 8.537 8.537 8.537 8.537 8.537 8.537 8.537 8.537 8.537 8.537 8.537 8.537 8.537 8.537 8.537 8.537 8.537 8.537 8.537 8.537 8.537 9.174 8.71 8.603 8.856 8.881 9.192 9.013 8.946 8.661 8.659 8.659 8.64
8.8 9.19 9.356 9.378 9.376 9.296 9.403 9.325 9.087 9.035 8.932 9.032 9.005 9.223 9.209 11.425 13.929 8.632 8.814 8.885 8.888 9.025 8.856 8.874 8.846 8.74 8.83 8.955 8.764 8.697 8.655 8.715 8.653 8.656 8.997 8.816 8.874 9.014 9.076 9.016 8.865 8.802 8.725 8.537 8.537 8.586 8.537 8.71 8.679 8.706 8.752 8.699 8.682 8.705 8.764 8.698 8.71 8.772 8.961 9.152 9.291 8.537 9.687 8.855 8.816 8.767 8.795 9.091 9.018 8.951 8.718 9.131 8.729 8.595
8.8 9.276 8.897 8.897 8.897 8.897 8.897 8.897 8.897 8.897 8.989 9.191 9.663 9.66 9.252 10.95 13.299 8.64 8.903 8.946 9.816 8.824 8.653 8.653 8.653 8.653 8.653 8.653 8.653 8.653 8.653 8.653 9.043 9.225 9.759 9.733 8.653 8.653 8.653 8.653 8.653 8.653 9.978 8.537 8.537 8.537 10.619 10.961 8.545 8.538 8.537 8.537 8.537 8.82 10.774 8.537 8.537 9.648 9.224 9.168 8.537 9.198 9.711 8.905 8.945 8.569 8.663 8.994 9 8.946 8.697 9.135 8.689 8.669
8.8 8.897 8.897 9.303 9.373 9.286 9.255 9.174 9.133 8.997 8.953 9.172 9.313 9.184 9.076 10.425 12.602 8.64 8.887 8.838 11.995 8.81 8.653 8.653 8.653 8.653 8.672 8.653 8.653 8.653 8.653 8.653 8.653 8.653 8.653 10.384 8.653 8.653 8.653 8.653 8.653 8.653 10.305 8.537 8.537 8.537 9.409 8.907 8.537 8.537 8.537 10.023 8.537 8.537 10.439 8.537 8.537 8.537 8.899 9.165 8.632 9.234 9.17 9.225 8.859 8.569 8.59 9.05 9.011 8.837 8.776 8.657 9.111 9.103
9.173 9.125 8.897 9.157 9.295 9.253 9.185 9.193 9.076 9.024 8.905 9.029 9.588 9.47 9.076 10.064 11.791 8.64 8.838 10.109 10.087 8.823 8.653 8.653 8.653 8.653 8.653 8.653 8.653 8.653 8.653 8.653 8.653 8.653 8.653 9.193 9.267 8.93 9.817 9.755 8.653 8.667 10.156 8.537 8.537 8.537 8.537 8.537 8.537 8.537 8.537 9.884 8.537 8.537 8.537 8.537 8.537 8.589 8.733 9.515 8.569 9.181 9.255 9.252 8.955 8.569 8.722 8.98 9.082 8.798 8.695 8.591 9.245 9.267
8.687 9.234 9.024 8.897 8.897 8.897 8.905 8.905 8.905 8.905 9.131 10.156 9.029 9.555 9.046 9.953 10.952 8.64 8.846 8.838 9.018 9.852 8.653 8.653 8.653 8.653 8.653 8.653 8.654 10.398 10.479 10.417 10.301 10.128 9.33 8.759 8.685 8.653 8.653 8.653 8.653 9.232 10.078 8.537 8.537 8.537 8.537 8.939 8.537 8.537 8.537 8.544 8.537 8.537 8.537 8.537 8.63 8.537 8.537 9.002 8.569 9.344 9.169 9.4 9.221 8.569 9.013 9.107 8.813 8.702 8.569 8.908 8.745 8.786
9.621 8.865 9.477 9.389 9.271 9.313 9.102 9.181 9.067 9.11 9.066 9.205 9.405 9.343 9.038 9.717 10.213 8.64 8.93 8.946 8.937 9.46 8.961 8.877 8.913 8.942 8.653 8.653 9.023 10.617 11.114 11.25 13.74 13.836 12.092 8.728 8.718 10.474 8.653 9.932 8.653 9.015 10.08 8.537 8.774 8.537 8.537 8.962 8.537 8.537 8.537 8.537 8.537 8.537 8.537 8.761 8.61 8.537 8.537 8.655 8.569 8.569 8.569 8.569 8.569 8.569 8.569 8.569 8.569 8.569 8.569 8.569 8.569 8.569
8.865 8.865 8.865 8.865 8.865 8.882 8.882 8.882 8.882 9.239 9.038 9.042 9.34 9.79 9.038 9.44 9.708 8.64 9.486 9.48 8.687 9.436 9.475 9.55 9.55 9.161 8.653 8.653 8.729 10.27 10.365 10.587 11.285 12.581 12.281 8.653 11.151 14.476 10.793 8.653 8.653 8.717 10.253 8.537 8.545 10.795 10.777 8.632 8.537 8.576 8.537 8.537 8.537 8.537 8.537 8.537 8.537 8.537 9.466 9.11 8.687 9.585 9.33 9.746 9.191 9.226 9.072 9.35 9.312 9.499 9.389 9.356 9.506 9.696
9.411 9.155 9.301 9.431 9.39 9.47 9.366 9.42 8.97 9.038 9.038 9.426 9.331 9.12 9.038 9.358 9.369 8.64 9.521 8.653 8.653 8.653 8.653 8.685 8.653 8.653 8.653 8.653 8.653 10.596 10.19 10.398 10.68 11.99 12.343 8.653 10.945 13.072 8.653 8.653 8.653 8.653 10.111 8.537 8.695 9.898 9.057 8.537 8.537 8.537 9.043 8.537 8.537 8.537 8.537 8.537 8.537 8.537 8.537 8.537 8.537 8.537 8.537 8.537 8.917 9.407 8.537 8.561 8.798 9.023 8.644 8.901 8.985 9.226
9.666 9.268 9.038 9.506 9.502 9.07 8.97 8.97 8.97 9.183 9.038 9.378 9.276 9.125 9.038 9.151 9.199 8.64 9.398 8.653 8.653 8.653 8.653 8.653 8.653 8.653 8.653 8.653 8.736 10.19 10.623 10.442 10.518 11.481 12.141 8.653 8.653 8.653 8.653 8.653 8.653 8.653 10.014 8.537 8.841 8.662 8.537 8.537 8.537 8.689 9.021 8.585 8.537 8.622 8.894 9.163 8.812 8.901 9.905 9.301 8.537 8.537 8.537 8.537 8.537 8.537 8.537 8.537 8.537 8.537 8.537 8.537 8.537 9.257
9.05 9.038 9.038 9.038 9.281 9.449 9.523 9.4 9.205 9.08 9.038 9.038 9.038 9.038 9.038 9.187 9.205 8.64 9.323 8.653 8.653 8.653 8.653 8.653 8.653 8.653 8.657 8.653 8.784 8.722 8.653 8.653 8.653 8.653 8.653 8.711 8.653 8.653 8.653 8.653 8.653 8.653 9.833 8.537 8.783 9.599 8.601 8.537 8.537 8.579 8.537 8.537 8.537 9.352 9.451 9.478 8.537 8.537 8.537 8.537 8.803 9.199 8.537 8.537 8.77 8.537 8.832 9.213 9.41 9.263 9.199 9.237 8.962 8.672
9.377 9.214 9.119 9.038 9.146 9.261 9.224 9.224 9.047 9.601 9.038 9.06 9.082 9.175 9.038 9.28 9.3 8.707 9.415 8.653 8.653 8.653 8.653 8.653 8.653 8.653 8.653 8.653 8.653 8.653 8.653 8.653 8.653 8.653 8.653 8.805 8.653 8.653 8.653 8.653 8.653 8.653 9.714 8.537 9.137 9.551 9.115 8.537 8.537 8.537 8.537 8.636 8.537 9.174 8.537 9.251 8.537 8.537 8.537 8.537 8.537 8.537 8.883 9.897 8.538 8.701 8.996 9.009 9.16 8.741 8.925 8.925 9.075 8.825
9.443 9.296 9.273 9.038 9.239 9.292 9.396 9.305 9.038 9.038 9.244 9.038 9.038 9.038 9.038 9.416 9.341 8.854 9.384 8.653 8.694 8.653 8.653 8.653 8.653 8.653 8.653 8.653 8.764 10.343 8.653 8.653 8.653 8.653 8.653 8.653 8.653 8.653 8.653 8.653 8.653 8.659 9.471 8.537 8.811 9.839 9.058 8.537 8.537 8.537 8.657 8.566 8.537 8.811 8.537 9.474 9.249 8.537 8.537 8.537 8.537 8.579 8.816 8.815 8.538 8.871 9.436 8.586 8.586 8.641 9.222 8.925 9.077 9.167
9.072 9.038 9.038 9.038 9.038 9.038 9.038 9.038 9.038 9.246 9.256 9.144 9.219 9.267 9.038 9.562 9.435 9.041 9.349 8.653 8.833 8.653 8.653 8.653 8.653 8.653 8.653 8.653 8.819 12.613 13.627 13.024 10.862 8.653 8.653 8.653 8.653 8.653 8.653 8.653 8.653 8.681 9.464 8.537 8.872 9.249 8.56 8.537 8.537 8.683 8.631 8.537 8.537 8.537 8.537 9.003 10.618 9.36 8.833 8.537 8.537 8.714 8.579 8.914 8.705 8.586 8.586 8.586 8.586 8.98 10.352 9.076 9.023 9.244
9.346 9.218 9.18 9.038 9.11 9.241 9.349 9.254 9.038 9.325 9.038 9.171 9.258 9.249 9.038 9.549 9.475 9.041 9.282 8.653 8.76 8.934 9.112 9.057 9.293 8.969 8.653 8.653 8.954 12.604 16.467 17.167 9.809 8.653 8.653 8.653 8.653 8.653 8.653 8.653 8.653 8.928 9.29 8.537 8.869 8.755 8.537 8.537 8.537 8.702 8.537 8.537 8.537 8.537 8.537 8.537 8.537 8.537 9.553 8.819 9.01 9.492 9.641 9.598 9.612 8.656 8.586 8.586 8.586 8.586 9.245 9.001 9.001 9.229
9.377 9.432 9.28 9.044 9.253 9.351 9.317 9.169 9.09 9.056 9.105 9.038 9.038 9.038 9.038 9.552 9.232 9.299 9.645 9.623 8.828 9.199 9.253 9.3 9.414 9.041 8.679 8.69 8.997 12.821 16.299 17.543 14.524 11.612 10.107 9.024 10.192 9.885 9.622 9.781 10.027 11.584 9.392 8.537 8.868 8.537 8.605 8.537 8.875 8.537 9.231 8.537 8.537 8.537 8.537 8.537 8.537 9.104 10.312 8.819 9.911 10.625 9.125 9.21 9.369 8.79 9.305 9.103 8.586 10.024 9.001 9.001 11.282 9.33
9.493 9.485 9.532 9.674 9.605 9.576 9.4 9.692 9.781 9.722 9.385 9.038 9.038 9.038 9.038 9.711 9.232 9.408 10.072 10.019 9.073 9.704 9.668 9.646 9.592 9.121 8.804 8.679 8.835 12.828 22.919 17.494 18.937 19.367 18.194 12.32 11.002 13.057 12.993 11.972 13.337 11.52 9.228 8.537 8.987 8.537 8.537 10.537 9.779 8.537 9.233 8.537 8.537 8.537 8.537 8.537 8.537 9.543 10.056 9.708 8.881 8.746 8.62 8.652 8.698 10.039 8.829 8.894 8.586 8.586 10.782 9.032 11.39 9.384
9.229 9.266 9.364 9.583 9.463 9.418 9.4 10.004 10.262 10.193 9.587 9.12 9.038 9.038 9.038 9.8 9.232 9.232 9.776 9.036 9.036 10.16 9.664 9.737 10.122 9.075 8.865 8.818 9.059 12.656 22.399 16.908 19.122 20.882 20.937 15.493 15.447 15.637 14.383 11.188 11.188 10.888 9.227 8.537 8.843 8.537 8.537 8.537 8.537 8.537 8.537 9.227 8.537 8.537 8.537 8.537 8.537 8.537 9.354 10.584 8.586 8.586 8.586 8.586 8.764 8.586 8.586 9.208 8.586 8.587 10.739 9.339 9.688 9.325
9.666 9.762 9.82 9.718 9.701 9.546 9.594 10.127 10.357 10.281 9.826 9.191 9.038 9.038 9.038 9.878 9.232 9.463 9.831 9.036 9.036 9.036 9.036 9.036 9.036 9.036 8.839 8.892 9.196 12.47 21.277 16.841 19.788 19.899 17.159 17.254 18.143 17.824 16.451 16.098 13.058 10.978 9.219 8.537 8.846 8.537 9.68 8.537 8.537 8.537 8.537 9.127 9 8.537 8.537 8.537 8.537 8.537 8.537 8.807 8.586 8.586 8.586 8.586 8.586 8.586 8.586 8.586 8.586 8.586 8.586 9.461 9.656 9.341
9.55 9.641 9.781 9.717 9.692 9.599 9.537 9.999 10.348 10.301 10.078 9.307 9.039 9.038 9.038 9.919 9.232 9.311 9.793 9.036 9.036 9.036 9.036 9.036 9.036 9.048 8.9 9.008 9.278 12.169 16.109 17.401 19.392 21.218 20.06 25.299 22.432 20.248 19.052 18.061 14.201 11.014 9.067 8.537 8.853 8.749 8.635 8.537 8.537 8.537 8.537 9.108 9.074 8.674 8.537 8.537 8.537 8.537 8.615 9.242 8.731 8.586 8.586 8.586 8.586 8.815 8.586 8.586 8.586 8.586 8.586 9.576 9.742 9.848
9.561 9.61 9.92 9.805 9.69 9.701 9.537 9.956 10.316 10.176 9.912 9.381 9.066 9.038 9.038 9.917 9.232 9.411 9.706 9.036 9.036 9.036 9.036 9.036 9.036 9.08 9.019 9.019 9.231 11.691 15.984 17.46 18.994 20.147 22.111 23.845 22.409 20.585 18.92 17.952 16.912 11.129 9.058 8.537 8.997 9.291 10.113 8.775 8.603 9.448 8.794 8.908 9.122 9.374 8.562 9.043 8.942 8.963 9.224 8.94 10.087 8.891 8.931 9.023 9.055 9.231 9.113 9.164 9.485 9.336 9.547 10.07 9.246 9.17
9.698 9.659 9.856 9.874 9.69 9.768 9.524 9.524 9.524 9.524 9.497 9.316 9.144 9.038 9.038 9.912 9.232 9.519 9.72 9.036 9.036 9.036 9.036 9.036 9.036 9.062 9.074 9.083 9.064 12.153 17.587 18.427 21.428 20.465 22.101 23.624 22.407 20.543 21.418 22.546 17.619 11.112 9.061 8.537 8.537 8.537 8.537 8.537 8.537 8.537 8.537 8.537 8.537 8.537 8.537 8.537 8.537 8.537 8.537 8.537 8.537 8.537 8.537 8.537 8.537 8.537 8.537 8.537 8.537 8.537 8.537 8.537 8.537 8.537
9.475 9.475 9.535 9.724 9.69 9.715 9.544 9.752 9.679 9.893 9.674 9.365 9.18 9.056 9.038 9.926 9.232 9.447 9.701 9.036 9.036 9.205 9.506 9.481 9.06 9.07 9.183 9.247 9.696 11.973 18.091 20.397 20.335 19.991 22.978 23.937 26.339 26.275 25.993 24.76 17.917 12.589 9.497 8.537 8.891 8.537 9.541 9.705 8.933 8.749 8.786 8.836 8.889 8.87 9.018 8.78 8.875 8.796 8.87 8.805 9.043 8.959 9.043 8.964 9.104 9.246 9.188 9.38 9.413 9.536 9.589 9.604 9.542 9.478
9.6 9.754 9.773 9.791 9.912 9.719 9.631 9.904 9.848 10.026 9.736 9.237 9.182 9.067 9.038 9.932 9.243 9.323 9.635 9.22 9.222 9.91 9.878 9.896 9.989 9.244 9.195 9.288 10.363 12.179 16.056 18.085 18.735 20.23 24.323 24.238 29.748 30.306 28.197 20.964 14.812 12.398 9.701 8.537 8.849 8.537 9.735 9.075 9.033 8.749 8.749 8.749 8.749 8.749 8.749 8.749 8.749 8.749 8.749 8.749 8.749 8.749 8.749 9.2 8.964 8.964 8.964 8.964 9.076 9.138 9.267 9.267 9.267 9.267
9.76 9.923 9.775 9.726 9.737 9.625 9.57 9.934 9.91 9.799 9.65 9.758 9.642 9.419 9.038 10.041 9.334 9.286 9.29 9.294 9.326 9.342 9.342 9.342 9.35 9.357 9.317 9.378 10.472 11.296 13.622 18.211 19.191 19.792 23.842 23.845 29.464 30.201 23.407 17.385 13.267 11.149 10.241 8.537 8.825 8.537 9.677 9.353 9.369 8.829 8.749 8.817 8.922 8.9 8.988 8.947 8.979 8.957 8.873 8.925 8.94 8.986 8.785 9.09 9.093 9.138 9.214 9.298 9.307 9.575 9.455 9.58 9.555 9.61
9.485 9.485 9.485 9.485 9.485 9.485 9.619 9.95 9.888 9.942 9.65 9.878 9.927 10.032 9.038 10.318 9.455 9.367 9.427 9.513 9.533 9.621 9.628 9.615 9.562 9.579 9.448 9.361 10.583 11.23 12.434 14.97 19.331 19.332 19.715 20.717 20.936 20.561 19.431 14.614 12.945 11.708 10.252 8.537 8.849 8.537 9.768 9.353 9.017 8.796 8.749 8.826 8.749 8.793 8.835 9.05 8.976 9.145 9.051 8.96 8.904 8.964 8.798 8.997 8.979 9.129 9.251 9.485 9.514 9.613 9.555 9.63 9.658 9.684
9.666 9.75 9.669 9.761 9.742 9.663 9.622 9.754 9.876 9.887 9.708 9.933 9.621 9.971 9.038 10.775 9.489 9.455 9.559 9.578 9.544 9.723 9.605 9.56 9.543 9.541 9.405 9.361 10.326 11.411 11.937 13.482 15.004 14.982 15.08 15.23 15.198 14.663 15.297 13.357 11.406 11.033 9.992 8.537 8.992 8.537 9.73 9.239 8.887 8.769 8.749 8.749 8.749 8.749 8.749 8.749 8.749 8.749 8.749 8.749 8.749 8.749 8.788 8.962 9.117 8.979 8.979 8.979 9.025 9.179 9.216 9.216 9.216 9.216
9.745 9.836 9.515 9.809 9.998 9.906 9.723 9.622 9.749 9.833 9.853 9.968 9.707 9.621 9.138 11.41 9.616 9.554 9.676 9.617 9.651 9.588 9.586 9.595 9.611 9.63 9.436 9.414 10.421 11.246 12.033 12.366 12.392 12.692 12.951 12.627 12.301 12.117 12.245 11.235 10.866 10.585 9.861 8.537 8.831 8.854 9.485 9.348 9.03 8.749 8.749 8.84 8.796 8.874 8.84 8.971 8.923 8.951 9.052 9.094 8.968 9.004 8.859 9.084 9.146 9.108 9.351 9.531 9.572 9.623 9.536 9.689 9.638 9.537
