data/sanjacintoriver_dem.asc
ncols         745
nrows         406
xllcorner     275625
yllcorner     3284415
cellsize      30
NODATA_value  -9999
[rows 99 to 131 of 406, columns 666 to 739 of 745]
-9999 -9999 -9999 -9999 -9999 -9999 -9999 -9999 -9999 -9999 -9999 -9999 -9999 -9999 -9999 -9999 -9999 -9999 -9999 -9999 -9999 -9999 -9999 -9999 -9999 -9999 -9999 -9999 -9999 -9999 -9999 -9999 -9999 -9999 -9999 -9999 -9999 -9999 -9999 -9999 -9999 -9999 -9999 -9999 -9999 -9999 -9999 -9999 -9999 -9999 -9999 -9999 -9999 -9999 -9999 -9999 -9999 -9999 -9999 -9999 -9999 -4.652045 -7.922898 -10.46045 -12.6653 -13.57737 -14.64335 -15.48051 -15.66514 -14.97314 -14.24863 -13.14273 -11.62256 -10.50787
-9999 -9999 -9999 -9999 -9999 -9999 -9999 -9999 -9999 -9999 -9999 -9999 -9999 -9999 -9999 -9999 -9999 -9999 -9999 -9999 -9999 -9999 -9999 -9999 -9999 -9999 -9999 -9999 -9999 -9999 -9999 -9999 -9999 -9999 -9999 -9999 -9999 -9999 -9999 -9999 -9999 -9999 -9999 -9999 -9999 -9999 -9999 -9999 -9999 -9999 -9999 -9999 -9999 -9999 -9999 -9999 -9999 -9999 -9999 -9999 -9999 -6.913998 -9.827588 -12.01689 -13.20926 -14.22374 -15.12919 -15.66514 -15.30578 -14.54699 -13.87507 -12.79708 -11.32441 -9.844242
-9999 -9999 -9999 -9999 -9999 -9999 -9999 -9999 -9999 -9999 -9999 -9999 -9999 -9999 -9999 -9999 -9999 -9999 -9999 -9999 -9999 -9999 -9999 -9999 -9999 -9999 -9999 -9999 -9999 -9999 -9999 -9999 -9999 -9999 -9999 -9999 -9999 -9999 -9999 -9999 -9999 -9999 -9999 -9999 -9999 -9999 -9999 -9999 -9999 -9999 -9999 -9999 -9999 -9999 -9999 -9999 -9999 -9999 -9999 -9999 -4.988841 -8.951304 -11.40385 -12.84642 -13.6486 -14.69481 -15.50019 -15.63197 -14.88257 -14.26342 -13.49357 -12.47692 -10.63694 -9.494315
-9999 -9999 -9999 -9999 -9999 -9999 -9999 -9999 -9999 -9999 -9999 -9999 -9999 -9999 -9999 -9999 -9999 -9999 -9999 -9999 -9999 -9999 -9999 -9999 -9999 -9999 -9999 -9999 -9999 -9999 -9999 -9999 -9999 -9999 -9999 -9999 -9999 -9999 -9999 -9999 -9999 -9999 -9999 -9999 -9999 -9999 -9999 -9999 -9999 -9999 -9999 -9999 -9999 -9999 -9999 -9999 -9999 -9999 -9999 -9999 -7.158483 -10.94458 -12.47278 -13.31548 -14.05705 -15.1635 -15.63197 -15.41654 -14.55654 -13.91234 -13.17992 -12.2465 -10.66384 -9.671253
-9999 -9999 -9999 -9999 -9999 -9999 -9999 -9999 -9999 -9999 -9999 -9999 -9999 -9999 -9999 -9999 -9999 -9999 -9999 -9999 -9999 -9999 -9999 -9999 -9999 5.266 4.824 4.809 4.809 4.809 5.644 -9999 -9999 -9999 -9999 -9999 -9999 -9999 -9999 -9999 -9999 -9999 -9999 -9999 -9999 -9999 -9999 -9999 -9999 -9999 -9999 -9999 -9999 -9999 -9999 -9999 -9999 -9999 -9999 2.724 -11.568 -11.89165 -13.08505 -13.80497 -14.5148 -15.56512 -15.63197 -15.09667 -14.23734 -13.5633 -12.99175 -12.26217 -11.3609 -9.980109
-9999 -9999 -9999 -9999 -9999 -9999 -9999 -9999 -9999 -9999 -9999 -9999 -9999 -9999 -9999 -9999 -9999 -9999 -9999 -9999 -9999 -9999 -9999 -9999 6.098 4.971 4.904 4.809 4.809 4.809 4.929 7.052 5.317 5.213 -9999 -9999 -9999 -9999 -9999 -9999 -9999 -9999 -9999 -9999 -9999 -9999 -9999 -9999 -9999 -9999 -9999 -9999 -9999 -9999 -9999 -9999 -9999 -9999 2.824 -1.040534 -12.21908 -12.5896 -13.5257 -14.29801 -15.08746 -15.63197 -15.50205 -14.8481 -13.92023 -13.34485 -12.78301 -12.15706 -11.72956 -9.243942
-9999 -9999 -9999 -9999 -9999 -9999 -9999 -9999 -9999 -9999 -9999 -9999 -9999 -9999 -9999 -9999 -9999 -9999 -9999 -9999 -9999 -9999 -9999 5.386 5.2 6.603 4.809 4.809 4.89 4.809 4.962 5.075 6.464 5.273 5.044 5.288 -9999 -9999 -9999 -9999 -9999 -9999 -9999 -9999 -9999 -9999 -9999 -9999 -9999 -9999 -9999 -9999 -9999 -9999 -9999 -9999 3.462 -0.31 -0.31 -12.55761 -12.62612 -13.11018 -14.0128 -14.79748 -15.49801 -15.63197 -15.20529 -14.34774 -13.72463 -13.14092 -12.47924 -12.14101 -11.92687 -7.017415
-9999 -9999 -9999 -9999 -9999 -9999 -9999 -9999 -9999 -9999 -9999 -9999 -9999 -9999 -9999 -9999 -9999 -9999 -9999 -9999 -9999 5.472 5.188 5.097 5.076 5.668 4.97 4.888 4.902 4.859 5.03 4.976 5.049 5.358 4.938 5.641 6.069 5.053 -9999 -9999 -9999 -9999 -9999 -9999 -9999 -9999 -9999 -9999 -9999 -9999 -9999 -9999 -9999 -9999 -9999 4.356 -0.31 -0.31 -12.69745 -12.83031 -13.0856 -13.6341 -14.52201 -15.29474 -15.63197 -15.45704 -14.91179 -14.02325 -13.49564 -12.90373 -12.32391 -12.03094 -11.4883 -0.31
-9999 -9999 -9999 -9999 -9999 -9999 -9999 -9999 -9999 -9999 -9999 -9999 -9999 -9999 -9999 -9999 -9999 -9999 -9999 -9999 5.427 5.307 5.155 5.025 4.975 4.97 5.351 5.015 4.935 5.02 4.771 4.825 4.933 4.938 5.128 5.314 5.491 5.338 5.053 5.185 -9999 -9999 -9999 -9999 -9999 -9999 -9999 -9999 -9999 -9999 -9999 -9999 -9999 4.977 4.753 -0.31 -0.31 -13.13671 -12.97156 -13.15818 -13.61943 -14.36717 -15.11081 -15.6077 -15.63197 -15.25208 -14.5857 -13.78483 -13.22984 -12.65139 -12.07328 -11.60133 -8.331116 2.111
-9999 -9999 -9999 -9999 -9999 -9999 -9999 -9999 -9999 -9999 -9999 -9999 -9999 -9999 -9999 -9999 -9999 -9999 -9999 5.55 5.814 5.294 5.092 4.97 4.97 5.026 5.221 6.468 4.98 4.903 4.942 4.771 4.771 4.838 5.111 5.34 5.439 5.334 5.103 4.843 5.149 5.333 5.409 -9999 -9999 -9999 -9999 -9999 -9999 -9999 -9999 -9999 4.937 5.205 4.351 -0.31 -13.13671 -12.96298 -13.14133 -13.5033 -14.08977 -14.92337 -15.55977 -15.63197 -15.58373 -14.94853 -14.3347 -13.44362 -12.84356 -12.52415 -11.73138 -10.2356 -2.834198 4.058
-9999 -9999 -9999 -9999 -9999 -9999 -9999 -9999 -9999 -9999 -9999 -9999 -9999 -9999 -9999 -9999 -9999 -9999 5.546 5.395 5.313 5.263 5.095 5.068 4.97 5.002 5.282 5.383 6.571 4.912 4.873 4.771 4.771 4.795 4.918 4.917 5.374 5.313 5.111 5.075 4.634 5.201 5.452 5.584 5.541 5.563 -9999 -9999 -9999 -9999 4.972 4.966 4.906 5.3 -0.31 -6.021587 -12.95148 -13.00919 -13.38302 -13.85295 -14.49683 -15.4415 -15.63197 -15.63197 -15.44081 -14.6947 -13.958 -13.07699 -12.68934 -12.30395 -10.78713 -4.582819 0.7536402 3.907
-9999 -9999 -9999 -9999 -9999 -9999 -9999 -9999 -9999 -9999 -9999 -9999 -9999 -9999 -9999 -9999 -9999 5.644 5.306 5.487 5.45 5.574 5.283 5.267 5.231 5.244 5.007 4.929 4.852 6.752 4.771 4.848 4.894 4.773 5.051 5.225 4.793 5.124 5.074 5.22 4.791 4.634 5.598 5.627 5.6 5.771 5.532 5.286 5.286 5.349 5.216 4.911 5.144 -0.31 -0.31 -13.04619 -13.05069 -13.23946 -13.63724 -14.25989 -15.01749 -15.63197 -15.63197 -15.63197 -15.05122 -14.31114 -13.57737 -12.87065 -12.42238 -11.42095 -6.730859 -0.7040606 1.217 4.256
-9999 -9999 -9999 -9999 -9999 -9999 -9999 -9999 -9999 -9999 -9999 -9999 -9999 -9999 -9999 -9999 5.661 5.254 5.46 5.254 5.254 5.456 6.99 5.318 5.381 4.877 4.817 4.817 4.817 4.898 6.822 4.771 5.054 4.898 4.699 4.324 4.324 5.784 5.306 4.624 4.555 4.366 4.549 4.944 5.528 5.454 5.355 5.493 5.286 5.49 5.233 5.356 -0.31 -0.31 -6.80052 -13.18599 -13.24738 -13.53561 -14.04511 -14.79283 -15.52057 -15.63197 -15.63197 -15.58945 -14.57701 -13.89192 -13.07809 -12.66454 -11.98529 -9.663988 -1.493255 0.8821267 1.226 3.902
-9999 -9999 -9999 -9999 -9999 -9999 -9999 -9999 -9999 -9999 -9999 -9999 -9999 -9999 -9999 6.81 5.293 5.517 5.254 5.442 5.38 5.577 5.458 6.998 5.113 4.817 4.89 4.817 4.817 4.817 4.931 5.812 4.644 4.609 4.324 4.324 4.324 4.324 4.944 5.385 4.529 4.489 4.306 4.05 5.052 5.048 5.298 5.332 5.261 5.265 5.082 0.658 -0.31 -0.31 -13.29301 -13.27429 -13.59905 -13.8747 -14.64914 -15.39326 -15.63197 -15.63197 -15.63197 -14.85893 -14.14238 -13.47429 -12.86398 -12.41924 -12.01209 -2.662404 -0.5461112 1.002645 3.038 5.24
-9999 -9999 -9999 -9999 -9999 -9999 -9999 -9999 -9999 -9999 -9999 -9999 -9999 -9999 5.795 5.531 5.472 5.306 5.88 5.317 5.415 5.457 5.662 2.589 5.963 4.817 4.864 5.376 4.817 4.817 4.989 5.109 5.192 4.517 4.324 4.324 4.324 4.324 4.409 4.839 5.439 4.49 4.068 4.023 3.986 4.348 4.788 5.136 5.325 5.237 4.91 0.27 -0.31 -12.36063 -13.25481 -13.58418 -13.93381 -14.59981 -15.36115 -15.63197 -15.63197 -15.63197 -15.40072 -14.41454 -13.73333 -13.14239 -12.53096 -12.30275 -9.914539 -1.74781 -0.6632266 1.168 5.494 5.816
-9999 -9999 -9999 -9999 -9999 -9999 -9999 -9999 -9999 -9999 -9999 -9999 -9999 5.799 5.564 6.559 5.485 5.486 5.318 5.34 5.343 5.524 -0.294 -0.31 1.027 5.338 5.154 4.85 4.894 4.834 5.695 4.471 4.583 4.422 4.324 4.324 4.324 4.503 4.502 5.897 4.943 4.954 4.236 4.241 4.252 3.878 3.99 3.393 5.058 4.96 1.914 -0.31 -10.62553 -12.41824 -13.45282 -13.94204 -14.37724 -15.06632 -15.63197 -15.63197 -15.63197 -15.6056 -14.91239 -13.9662 -13.32566 -12.85901 -12.27199 -11.19985 -7.586536 -2.601639 -0.707573 4.346 6.091 6.004
-9999 -9999 -9999 -9999 -9999 -9999 -9999 -9999 -9999 -9999 -9999 -9999 5.92 5.919 6.337 5.226 5.606 5.314 5.311 5.476 5.421 -0.31 -0.620238 -1.078248 -0.6223416 0.979084 6.051 4.893 4.906 5.888 4.509 4.422 4.422 4.746 4.324 4.324 4.324 4.324 4.324 4.324 4.732 4.761 5.032 4.071 4.051 -0.31 3.779 0.198 2.898 0.2595354 -0.4767836 -8.189122 -10.67669 -12.81138 -13.72761 -14.3032 -14.7649 -15.63197 -15.63197 -15.63197 -15.63197 -15.11795 -14.43777 -13.51715 -13.02839 -12.52384 -11.20119 -8.433334 -5.533883 -1.82068 -0.31 6.08 6.285 6.429
-9999 -9999 -9999 -9999 -9999 -9999 -9999 -9999 -9999 -9999 -9999 5.928 6.423 6.375 6.6 5.665 5.226 5.966 6.176 0.177 -0.6422563 -1.574476 -2.236979 -2.591526 -2.369128 -0.7631106 2.811 5.186 4.903 4.422 4.422 4.422 4.426 4.615 5.181 4.367 4.324 4.324 4.324 4.324 5.684 4.464 4.811 1.555 3.9 3.887 -0.31 -0.31 0.075 -2.830746 -6.004627 -10.4624 -11.983 -13.47142 -14.02511 -14.67667 -15.5238 -15.63197 -15.63197 -15.63197 -15.28573 -14.60589 -13.94311 -13.1597 -12.67682 -12.19798 -8.385407 -5.591173 -2.272714 -0.3254947 2.002398 6.567 6.432 6.416
-9999 -9999 -9999 -9999 -9999 -9999 -9999 -9999 -9999 6.191 5.962 6.518 6.678 6.618 7.112 7.14 3.448 5.191 5.83 -0.31 -2.719046 -3.467703 -4.29431 -4.555819 -4.429265 -3.314089 -1.271608 3.916 5 4.422 4.422 4.422 4.422 4.487 4.623 6.198 4.44 4.324 4.324 4.324 4.745 4.613 -0.31 -0.31 -0.31 2.628647 0.444 -1.427176 -4.911035 -7.321757 -9.881484 -11.73877 -13.39909 -13.85589 -14.70548 -15.418 -15.63197 -15.63197 -15.63197 -15.60125 -14.73505 -14.13462 -13.48646 -12.88238 -12.42389 -8.557306 -5.063856 -2.477025 -0.31 -0.31 6.734 6.6 6.563 6.412
-9999 -9999 -9999 -9999 -9999 -9999 -9999 -9999 6.311 6.022 6.444 6.744 7.26 7.134 7.143 7.166 6.779 3.448 6.116 6.002 -2.972481 -5.427601 -6.492226 -7.038915 -7.038039 -6.008994 -4.511401 -1.874099 4.64 4.626 4.429 4.464 4.496 4.554 4.296 4.406 6.144 4.324 4.324 4.765 2.035 -0.31 -0.31 -0.31 -0.31 -0.3454532 -0.6866986 -2.367849 -9.198006 -11.22853 -11.81462 -12.7767 -13.94302 -14.61592 -15.43614 -15.63197 -15.63197 -15.63197 -15.45303 -14.84319 -14.31117 -13.72856 -13.04684 -12.65414 -10.24182 -4.210492 -1.090612 -0.31 0.215 6.034 6.794 6.541 6.422 6.296
-9999 -9999 -9999 -9999 -9999 -9999 -9999 6.162 6.147 6.647 6.614 6.687 7.218 7.178 7.137 7.16 7.107 2.648 5.277 6.043 3.968 -3.659495 -8.746995 -9.984138 -10.2809 -9.258326 -7.721308 -5.728607 -0.31 4.891 4.269 4.365 4.458 4.243 4.81 4.309 4.359 5.789 5.118 4.417 -0.31 -0.31 -0.31 -0.31 -0.4590511 -0.8634081 -1.662899 -6.543615 -12.25433 -12.58983 -12.50768 -14.09418 -14.70617 -15.30109 -15.63197 -15.63197 -15.63197 -15.29558 -14.93942 -14.49043 -14.06173 -13.52196 -12.92298 -9.296296 -3.551533 -0.31 -0.006888806 1.422 6.819 7.177 6.547 6.444 6.643 6.185
-9999 -9999 -9999 -9999 -9999 -9999 6.267 6.307 6.633 6.847 6.768 6.74 7.067 7.143 7.171 7.154 7.067 3.45 1.923 1.856 1.72 -0.31 -10.21967 -11.52143 -12.81001 -12.54864 -11.47254 -9.601802 -6.410519 -0.31 4.396 5.838 4.243 4.828 4.273 4.392 5.744 5.725 5.343 0.424 -0.31 -0.31 -0.3124784 -0.4601043 -1.048473 -4.736369 -9.30787 -13.09599 -13.34637 -13.42738 -14.18051 -14.87316 -15.36431 -15.63197 -15.63197 -15.63197 -15.17149 -14.86814 -14.64267 -14.25174 -14.08236 -13.41841 -9.19005 -3.04219 -0.31 -0.31 1.738 6.826 7.362 6.525 6.479 6.42 6.402 6.38
-9999 -9999 -9999 -9999 -9999 6.372 6.594 6.797 6.902 6.959 6.929 6.866 6.916 7.094 7.141 4.5 3.13 3.159 2.674 -0.07 -9.446003 -9.770537 -10.93476 -12.33195 -12.84763 -12.84763 -12.85699 -12.67122 -9.661638 -7.496261 -0.31 3.882 5.275 4.327 4.449 6.222 5.612 0.637 -0.31 -0.31 -0.3212788 -0.3590449 -0.9203981 -2.221319 -4.057036 -10.09569 -14.19059 -14.24856 -14.20825 -14.5425 -15.0743 -15.44429 -15.63197 -15.63197 -15.63197 -15.25563 -14.71907 -14.51782 -14.37054 -14.158 -12.86192 -10.08927 -4.607326 -0.31 -0.31 2.379 6.663 6.667 7.366 6.534 6.392 6.177 6.109 5.95
-9999 -9999 -9999 -9999 6.729 7.117 6.99 6.876 6.935 7.059 7.122 7.033 7.018 5.946 3.055 3.13 3.28 3.355 3.433 2.469591 -11.68203 -11.79868 -12.17872 -12.53321 -12.8217 -12.8281 -12.88809 -13.18656 -13.3798 -12.68912 -12.41375 -3.986348 3.264 3.96 5.172 5.629 5.703 -0.31 -1.628805 -0.9474717 -0.6553535 -0.8790041 -3.057538 -5.620605 -11.80718 -13.52089 -14.77901 -14.73882 -14.8133 -15.11795 -15.5539 -15.63197 -15.63197 -15.6292 -15.20927 -14.72208 -14.33226 -14.23371 -13.85381 -10.84737 -8.364019 -5.643301 -0.9748904 -0.31 0.9305863 5.042 6.736 6.665 7.03 6.727 6.279 6.129 6.02 5.808
-9999 -9999 -9999 7.09 7.136 7.328 7.198 7.087 7.022 7.103 7.21 7.265 3.464 3.055 3.2 3.348 3.423 2.901937 -9.699778 -12.50021 -12.62343 -12.5781 -12.58326 -12.76132 -12.90386 -12.86736 -12.92965 -13.32645 -13.83739 -13.83739 -13.83739 -13.83739 -13.83739 -10.87716 -2.350942 3.868 -0.31 -5.071831 -5.540534 -2.008834 -2.064847 -5.5972 -7.708417 -11.56405 -14.54843 -14.77231 -14.82716 -14.9437 -15.2586 -15.54887 -15.63197 -15.63197 -15.63197 -15.21602 -14.72501 -14.30725 -13.53216 -12.18585 -10.22536 -6.979589 -4.294822 -0.9298252 -0.31 1.008 3.847 6.368 6.674 6.592 6.592 6.335 6.268 6 5.985 5.523
-9999 -9999 6.905 6.739 7.085 7.029 7.029 7.296 7.175 7.154 4.202 3.055 3.055 3.055 3.333 3.065553 -2.163722 -12.83574 -12.59588 -12.7891 -12.83574 -12.83574 -12.83574 -12.85397 -12.99979 -13.02849 -13.03358 -13.39023 -13.83739 -13.83739 -13.83739 -13.83739 -13.79292 -13.68875 -13.62021 -13.02973 -12.3416 -12.68652 -11.85787 -8.784439 -11.31565 -14.05236 -12.74975 -14.43798 -14.63745 -14.72229 -14.85237 -15.30882 -15.59395 -15.63197 -15.63197 -15.61578 -15.33794 -14.71729 -14.2879 -13.4591 -10.51847 -8.518641 -5.681183 -3.287914 -0.6805452 0.1436271 5.323 6.323 4.494 6.376 6.702 6.703 6.66 6.519 6.079 5.979 6.021 5.414
-9999 6.367 6.999 7.238 7.369 7.029 7.266 7.308 5.328 3.077 3.221 3.055 3.166 3.39 -0.31 -12.77213 -12.74576 -12.77213 -12.83574 -12.83574 -12.58172 -11.7022 -12.12606 -11.92642 -11.87687 -12.03979 -12.38599 -12.93934 -13.42398 -13.83739 -13.83739 -13.83739 -13.82319 -13.74844 -13.83236 -14.40567 -14.85813 -14.95688 -14.52222 -14.24912 -14.38423 -14.45731 -14.53573 -14.59508 -14.63528 -14.81353 -15.25103 -15.63197 -15.63197 -15.63197 -15.63058 -15.28167 -14.82068 -14.23636 -13.25518 -9.844544 -7.447113 -5.120158 -2.107342 -0.31 1.152991 6.047 6.268 6.633 5.999 6.386 6.802 6.703 6.56 6.438 6.083 5.995 5.695 5.088
6.378 7.126 7.33 7.325 7.221 7.367 6.998 2.89 3.077 3.117 3.104 3.323 3.37 -11.86614 -12.7474 -12.77213 -12.77213 -12.71008 -11.57433 -10.08787 -8.884275 -9.138061 -8.579947 -8.235616 -8.168392 -8.751685 -9.46291 -11.07088 -12.08232 -12.90614 -13.36225 -13.67562 -13.83739 -13.84246 -13.93063 -14.27341 -14.7918 -14.95688 -14.77024 -14.471 -14.42628 -14.5354 -14.66708 -14.75007 -14.90974 -15.31582 -15.62462 -15.63197 -15.63197 -15.63197 -15.3141 -14.8934 -14.21379 -12.43008 -10.03476 -6.75446 -4.314306 -1.77597 -0.31 3.703 5.944 6.01 6.336 6.42 6.798 6.524 6.809 6.699 6.496 6.414 6.189 5.993 5.851 4.963
7.578 7.168 7.13 7.379 7.734 3.656 2.891 2.89 3.039 3.217 3.354 -0.31 -12.77213 -12.77213 -12.77213 -12.75417 -11.67564 -9.672729 -7.639792 -7.673378 -7.317472 -7.618974 -7.233594 -4.753028 -4.773078 -4.977698 -7.744118 -6.81561 -10.81873 -11.69159 -12.12972 -12.56317 -13.06395 -13.36402 -13.76905 -14.20043 -14.47172 -14.80273 -14.95688 -14.79647 -14.74454 -14.86635 -15.04833 -15.13181 -15.40267 -15.62274 -15.63197 -15.63197 -15.63197 -15.37884 -14.92627 -14.69718 -11.86402 -9.324206 -6.838697 -3.579272 -1.335439 -0.31 4.745 5.931 5.957 6.195 6.283 6.448 6.752 6.745 6.644 6.904 6.634 6.518 6.305 5.92 5.441 4.835
6.883 6.857 7.455 5.799 2.919 2.802 2.87 3.152 3.25 -0.31 -12.77213 -12.77213 -12.77213 -12.77213 -12.19512 -9.578932 -7.846204 -7.237698 -7.178544 -2.711035 -0.31 0.6859879 2.159 -0.31 -0.31 -0.31 -0.31 -0.31 -2.983891 -11.50006 -11.09437 -11.31985 -12.25052 -12.66213 -13.07593 -13.87328 -14.31241 -14.60204 -14.8983 -14.96477 -15.02048 -15.22692 -15.3262 -15.49847 -15.62527 -15.63197 -15.63197 -15.63197 -15.57014 -14.79951 -14.50477 -12.6773 -8.851665 -6.172895 -3.606901 -1.443924 -0.141 5.241 5.669 5.601 6.252 6.364 6.379 6.514 6.602 6.803 6.598 6.52 6.514 6.177 6.038 5.561 4.995 4.464
7.157 6.733 4.099 2.802 2.802 3.019 3.2 -0.31 -11.7254 -12.77213 -12.77213 -12.77213 -12.40382 -10.72412 -8.897516 -7.359135 -6.729574 -0.31 0.02526751 2.100282 2.258144 4.564 6.71 8.373 8.275 5.38 -0.31 -0.31 -0.31 -0.31 -0.31 -9.692868 -10.76076 -12.08401 -12.45711 -13.2595 -14.03686 -14.47246 -14.73715 -14.97317 -15.29587 -15.44948 -15.54042 -15.63197 -15.63197 -15.63197 -15.63197 -15.61173 -14.99311 -14.16323 -12.45801 -9.609006 -5.646508 -3.093994 -1.43521 1.223 4.729 4.975 5.346 5.482 5.616 6.34 6.391 6.441 6.638 6.522 6.787 6.68 6.566 5.899 5.899 6.542 6.561 4.775
4.109 2.803 2.803 2.802 3.242 3.289 -0.31 -12.77213 -12.77213 -12.77213 -12.77213 -11.46247 -9.240028 -8.243374 -0.31 0.2051287 0.4837776 2.619 4.341455 4.641 5.244 5.512 5.581 8.029 8.786 9.374 5.837 5.499 -0.31 -0.31 -0.31 -0.31 -7.999739 -10.25627 -12.26542 -12.476 -13.13252 -14.257 -14.676 -15.05448 -15.50423 -15.63197 -15.63197 -15.63197 -15.63197 -15.63197 -15.57813 -15.04539 -14.33759 -12.30705 -9.803636 -6.610226 -1.926816 1.36648 2.19 3.96 4.882 5.176 5.502 5.327 5.64 6.289 6.707 6.562 6.297 6.678 6.637 6.779 6.672 6.604 6.519 6.439 6.732 5.179
3.2 2.923 3.017 3.335 -0.31 -12.61974 -12.61974 -12.60916 -12.73636 -12.61509 -12.13507 -10.50382 -4.708306 -2.314311 2.597 3.922376 4.13 4.218 4.637 5.185 6.028 6.158 6.204 6.344 7.108 7.779 7.509 6.74 5.609 -0.31 -0.31 -0.31 -6.987488 -7.94381 -11.73334 -12.22661 -12.6632 -14.04416 -14.80161 -15.36306 -15.63197 -15.63197 -15.63197 -15.57281 -15.52266 -15.46976 -15.04454 -14.66722 -13.63468 -10.59515 -7.958556 -3.9244 1.638151 4.092 4.261 4.365 4.913 5.264 5.077 5.432 6.042 5.574 6.348 6.144 6.669 6.722 6.627 6.623 6.712 6.526 6.553 6.603 6.73 6.398
