data/sanjacintoriver_dem.asc
ncols         745
nrows         406
xllcorner     275625
yllcorner     3284415
cellsize      30
NODATA_value  -9999
[rows 132 to 164 of 406, columns 370 to 443 of 745]
5.245 4.584 4.244 3.711 2.406 4.216 2.51 1.784 1.784 1.784 2.731 1.784 1.784 1.784 1.784 1.784 1.784 1.784 1.784 1.784 1.784 1.784 1.784 1.784 1.784 1.784 2.416 2.481 3.37 4.474 4.589 5.029 4.975 4.92 4.724 4.643 4.66 4.576 4.746 4.706 4.665 4.587 3.994 3.729 3.281 3.022 0 0 0 0 -11.28908 -10.71285 -11.73413 -12.58771 -13.27773 -13.4764 -13.50861 -13.54461 -13.70976 -14.02252 -14.13982 -14.13982 -14.13982 -14.13982 -14.13982 -14.13982 -14.13982 -14.13982 -14.13982 -14.13982 -14.12254 -14.13982 -14.13982 -14.13982
5.599 5.009 5.32 4 3.265 2.243 3.25 1.784 1.784 1.804 1.784 2.089 1.784 1.784 1.784 1.784 1.784 1.784 1.784 1.784 1.784 1.784 1.784 1.784 1.784 1.784 2.371 1.784 1.784 3.168 4.217 4.145 4.739 4.672 4.64 4.475 4.213 4.076 3.791 3.614 3.602 3.581 3.548 2.851 2.694 0.938 0 0 -11.26475 -13.03768 -13.31744 -13.43131 -13.63364 -13.6977 -13.91577 -14.13982 -14.13982 -14.13982 -14.13982 -14.13982 -14.13982 -14.13982 -14.13982 -14.13982 -14.13982 -14.13685 -14.04125 -14.13982 -14.13982 -14.13982 -14.13982 -14.13982 -14.13982 -14.12844
6.024 7.651 5.318 4.639 4.674 5.686 1.979 2.849 2.569 1.784 1.784 1.784 2.071 1.784 1.784 1.784 1.784 1.784 1.784 1.784 1.784 1.784 2.929 1.784 1.784 1.784 1.784 1.784 1.784 2.013 2.776 3.777 3.728 3.676 3.682 3.749 3.664 3.577 3.465 3.427 3.259 3.174 0.471 1.016 2.321 -1.222174 -12.34941 -13.00372 -13.3125 -13.47097 -13.65206 -14.02547 -14.13982 -14.13982 -14.13982 -14.13982 -14.13982 -14.13982 -14.09359 -13.82594 -13.53088 -13.31242 -13.12597 -12.81677 -12.544 -12.3221 -12.86601 -12.64695 -12.36758 -12.13182 -12.00946 -11.64942 -11.44565 -11.31463
7.969 6.312 7.588 5.085 4.154 3.827 6.038 2.015 2.901 1.784 1.784 1.784 1.784 1.784 1.784 1.784 1.784 1.784 1.784 1.784 1.784 1.784 1.784 1.784 1.784 1.784 1.784 1.784 1.784 1.784 2.78 1.784 3.434 3.323 3.311 3.619 3.524 3.47 3.347 3.194 2.986 2.645 0 -3.025711 -11.33387 -12.27619 -13.09403 -13.48409 -13.94793 -14.13982 -14.13982 -14.13982 -14.13982 -14.13982 -14.06569 -13.74243 -13.40637 -12.95188 -12.45425 -11.88801 -11.32298 -11.07907 -10.89159 -10.73131 -10.704 -11.22388 -10.75581 -10.07521 -9.261771 -9.433862 -9.504235 -8.776683 -8.4147 -8.219074
6.167 6.537 6.07 7.064 4.208 4.097 5.799 5.623 1.872 2.847 1.934 1.784 1.784 1.784 1.784 1.784 1.784 1.784 1.784 1.784 1.784 1.784 1.784 1.784 1.784 1.784 1.784 1.784 1.784 1.784 1.784 1.784 2.048 2.551 3.496 3.576 3.596 3.401 3.35 3.039 -2.496214 -9.265593 -9.626757 -10.90647 -12.54251 -13.32909 -13.98558 -14.13982 -14.13982 -14.13982 -14.13982 -13.88154 -13.51844 -13.19473 -12.72452 -12.43868 -11.70182 -10.13104 -9.501481 -8.751451 -5.880812 -6.651606 -2.002625 -8.247019 -8.092242 -5.286828 -4.97885 -2.399177 -1.368163 -0.5857377 0 0.228 0 -1.262558
5.987 6.543 5.934 7.382 5.786 6.663 3.582 2.861 2.954 1.51 2.518 1.784 1.784 1.784 1.784 1.784 1.784 1.784 1.784 2.292 1.784 1.784 1.784 2.08 1.784 1.784 1.784 1.784 1.784 1.784 1.784 1.784 1.784 2.849 3.28 3.658 3.358 3 0 -8.815567 -9.262487 -10.62036 -12.68483 -13.73887 -13.95987 -14.13982 -14.13982 -14.13982 -14.06616 -13.55131 -13.03668 -12.23172 -11.47793 -10.87069 -10.85665 -10.68136 -8.960393 -9.109469 -4.708194 -0.4018146 -0.1359686 2.633 2.287 2.746 2.898 3.121 2.476 2.417 3.803 2.679 2.679 2.619 2.68 0
5.931 5.962 6.898 5.483 5.378 5.561 3.551 3.766 2.456 1.482 1.784 2.22 1.784 1.784 1.784 2.1 1.784 1.784 1.784 1.812 1.784 3.147 3.06 1.784 2.016 1.9 1.784 1.784 1.784 1.784 1.784 1.784 1.824 1.784 3.386 3.191 0.8904759 -10.75514 -10.52537 -11.18491 -12.61799 -13.5465 -13.97376 -14.13982 -14.13982 -14.13982 -13.96447 -13.43785 -12.64023 -11.72221 -11.14882 -10.12389 -9.165945 -8.870332 -5.302357 -0.1858995 0 0 1.518 2.75 3.233 2.892 2.92 3.728 3.8 3.38 3.02 2.417 3.763 2.658 2.658 2.619 2.765 2.788
5.643 6.353 5.755 6.03 6.135 5.108 4.834 2.879 2.401 3.403 1.414 2.067 2.152 1.784 1.784 1.784 1.865 1.784 1.82 1.784 2.116 1.84 1.834 2.384 2.194 2.13 1.961 1.942 1.934 1.868 1.962 1.819 2.129 1.953459 1.855888 1.463517 -10.73086 -11.78337 -12.88601 -13.79681 -14.13982 -14.13982 -14.13982 -14.13982 -13.879 -13.23227 -12.9243 -12.51634 -10.69087 -9.523853 -5.450665 -2.492618 -0.9692155 0 0.353 3.229 3.954 5.229 6.2 5.026 5.489 2.921 2.627 3.139 2.943 2.881 2.856 2.417 3.828 3.254 3.084 3.325 2.692 3.564
6.117 5.375 5.617 6.719 5.471 5.052 6.62 3.942 2.997 3.207 3.31 1.173 2.22 2.328 2.305 2.25 1.784 1.784 1.999 2.248 1.86 1.977 1.841 2.369 2.303 2.062 2.275 2.05 2.013 1.839546 1.906 1.821028 2.031584 2.013912 0.04 -11.6938 -13.16267 -13.97272 -14.13982 -14.13982 -14.13982 -14.13982 -13.74439 -13.16 -12.61033 -12.19583 -9.328911 -6.295622 -4.096684 -1.399543 -0.04332715 0 3.109 4.277 5.865 5.655 7.935 10.002 11.884 13.056 7.833 2.849 2.775 2.614 2.655 2.5 2.479 2.417 4.299 6.128 6.053 5.543 5.655 6.011
4.352 5.532 5.6 5.927 5.062 4.799 3.942 4.205 0.04 -0.6934101 -0.7493582 -0.4966398 2.107 2.198 2.371 3.031 2.199 1.88 1.784 1.784 1.784 2.118 3.116 2.676 2.226 2.158 2.222 1.867 1.844 1.839546 1.906714 1.927 -4.412307 -11.8171 -13.03845 -14.0158 -14.13982 -14.13982 -14.13982 -14.13982 -13.62104 -12.67166 -11.90691 -11.63818 -7.666247 -3.104687 -2.934117 0 0 0.964 3.122 5.521 6.14 8.279 10.735 13.387 15.754 17.906 19.433 14.717 7.368 2.641 2.687 2.67 2.614 2.479 2.417 2.417 2.67 8.243 9.08 9.08 9.08 9.732
3.113 3.694 4.354 4.634 4.523 4.352 4.292 4.211 0.233 -1.00894 -1.017896 -0.7532786 0.04 1.72 2.257 2.31 2.19 2.237 1.784 2.342 2.479 2.199 2.295 2.003 2.222 3.464 2.819 1.900773 0.04 -3.898179 -13.12413 -12.73695 -13.44745 -14.13982 -14.13982 -14.13982 -14.13982 -14.13982 -13.39755 -12.44564 -11.5405 -10.97524 -9.234046 2.217612 2.638 2.905 0.649 2.236 1.748 3.37 5.021 3.85 7.125 13.656 18.233 21.174 20.796 18.484 21.033 15.308 6.824 2.641 2.702 2.889 2.778 2.669 2.772 2.435 2.745 8.914 9.08 9.08 9.08 9.31
2.63 2.817 3.203 3.522 3.659 3.942 4.147 4.05 1.662 -1.223253 -1.659869 -1.435193 0.03806604 1.765 1.858 2.448 2.61 2.515 2.445 2.332 2.474 2.431 2.498 2.341 -4.620415 -13.0632 -13.02305 -13.51892 -13.50705 -13.42654 -13.89816 -14.13982 -14.13982 -14.13982 -14.13982 -14.03278 -13.44567 -12.68323 -11.20949 -10.46724 -9.295594 0 2.989 3.064 3.423 2.924 2.928 2.085 3.85 3.85 3.85 3.85 6.327 13.997 20.81 16.719 16.719 16.719 20.905 15.249 5.875 2.641 2.822 3.13 2.841 2.543 2.543 2.435 2.716 7.775 9.08 9.08 9.08 9.535
-0.3416298 -0.2837125 0.04 0.04 3.224 3.745 4.096 3.893 0.04 -2.914798 -3.072737 -2.657853 -1.375345 3.221 2.51 2.588 3.027 1.595 1.65 0.04 0.04 0.04 -12.20684 -12.68879 -13.3356 -13.28871 -13.3749 -13.80536 -14.13075 -14.13982 -14.13982 -14.13982 -14.06225 -13.52392 -13.40058 -12.29824 -11.38215 -10.85899 -10.10186 0.038 0 3.493 3.379 3.557 3.25 2.738 2.601 3.183 3.723 3.85 3.85 3.85 5.23 12.97 20.79 16.719 16.719 16.719 20.988 15.18 5.141 2.641 2.884 2.771 2.67 2.435 2.435 2.435 2.706 7.814 10.266 10.328 10.183 10.066
-1.457279 -1.991413 -2.389627 -3.031151 0.04 0.04 0.04 3.736 3.765115 -5.524004 -5.144664 -4.319511 -3.183863 0.04 -3.343185 -1.780272 -5.241428 0.04 -1.349408 -9.938916 -12.20696 -13.66746 -13.72655 -13.70925 -13.76786 -13.96354 -14.13982 -14.13982 -14.13982 -14.13982 -13.86419 -13.12778 -12.69819 -12.19047 -11.57233 -10.74968 -10.94276 0.04 2.636 2.347 2.339 2.923 2.952 2.9 3.141 2.694 2.59 2.632 3.228 5.302 3.85 3.85 4.993 12.166 21.183 16.719 16.719 16.719 20.842 14.86 5.122 2.641 2.694 2.735 2.435 2.435 2.435 2.435 2.681 7.581 10.256 10.199 10.271 10.066
-2.759272 -3.43141 -4.227143 -5.496752 -6.638281 -7.712283 0.04 -8.58369 -8.695994 -8.287454 -7.656226 -6.06963 -4.910141 -5.361494 -7.516936 -9.353011 -9.683932 -11.15427 -13.35665 -13.83941 -13.97881 -13.95529 -14.09733 -14.13982 -14.13982 -14.13982 -14.13982 -14.13982 -13.88915 -13.25753 -12.68984 -12.16922 -11.40831 -10.86799 -6.41319 1.758 2.161 2.119 2.297 2.12 2.07 2.274 2.135 2.295 2.607 2.63 2.504 2.507 2.521 2.72 5.036 3.85 4.225 11.336 20.377 16.719 16.719 16.719 20.604 14.66 5.186 2.641 2.689 2.86 2.541 2.435 2.435 2.435 2.712 8.439 11.029 11.248 11.16 10.208
-3.88467 -4.850914 -5.95575 -7.723049 -9.327789 -10.75425 -11.1592 -11.22675 -11.27045 -11.2755 -11.07185 -9.971385 -7.559468 -9.718688 -11.30737 -12.80814 -13.02302 -13.88771 -13.99872 -14.13982 -14.13982 -14.13982 -14.13982 -14.13982 -14.13982 -14.08209 -13.62619 -13.26422 -13.08163 -12.21838 -10.42047 -8.081805 0.349321 2.05 2.03 1.995 1.95 1.998 2.12 2.134 2.07 2.085 1.998 2.395 2.295 2.391 2.498 2.746 2.507 2.641 4.054 3.998 3.85 10.432 19.599 16.719 16.719 16.719 20.777 14.397 5.268 2.72 2.521 2.435 2.435 2.435 2.435 2.435 2.685 8.926 9.202 9.284 10.068 10.497
-4.899662 -6.071595 -7.439185 -9.651875 -11.49361 -11.98922 -12.09865 -12.08402 -12.19376 -12.90596 -13.15996 -13.51886 -14.08698 -13.97314 -14.02371 -14.01829 -14.00712 -14.13982 -14.13982 -14.13982 -14.13982 -14.13982 -14.13982 -13.66465 -13.15848 -12.53977 -12.45787 -12.85019 -13.23894 -1.622784 1.712344 2.046 3.11 3.148 2.584 2.355 1.95 2.013 1.998 1.998 1.998 1.998 1.998 2.523 2.643 2.996 2.728 2.662 2.843 3.197 2.86 2.86 5.259 9.887 18.004 17.73 16.719 16.719 20.637 14.406 5.711 2.563 2.435 2.489 2.435 2.435 2.435 2.435 2.677 9.387 9.464 9.303 10.325 10.381
-5.761265 -7.130783 -8.75876 -11.44447 -12.12878 -12.46366 -12.63284 -12.601 -13.05724 -13.38066 -13.83686 -14.13982 -14.13982 -14.13982 -14.13982 -14.13982 -14.13982 -14.13982 -14.13982 -14.13982 -14.13982 -13.60659 -12.89427 -11.47801 -10.68406 -8.604334 0.406 1.397986 1.712765 2.241 3.129 2.984 2.786 2.586 2.137 2.092 2.253 2.04 1.998 2.017 1.998 1.998 1.998 2.89 2.84 2.941 2.849 3.734 2.969 3.089 3.343 2.86 3.362 5.05 14.13 20.63 16.719 16.719 20.594 14.211 5.371 2.515 2.435 2.513 2.435 2.435 2.435 2.435 2.76 8.403 9.541 9.303 10.261 10.738
-6.42727 -7.913433 -9.680881 -12.16259 -12.36827 -12.72148 -12.97204 -13.25684 -13.45113 -13.75662 -14.08911 -14.13982 -14.13982 -14.13982 -14.13982 -14.13982 -14.13982 -14.13982 -14.13982 -13.5694 -12.80172 -11.42708 -9.411467 -6.19987 0.849 1.542545 1.922 2.291 2.762 2.697 2.481 2.389 2.075 2.319 3.03 2.59 2.9 2.347 1.998 1.998 1.998 2.159 1.998 2.571 2.827 2.975 2.95 3.078 3.416 3.568 3.733 3.238 2.86 6.206 11.882 19.557 16.719 16.719 20.601 14.123 5.563 2.435 2.62 2.863 2.435 2.435 2.435 2.435 2.982 9.2 9.856 10.465 10.111 10.786
-6.898676 -8.439995 -10.96686 -12.24223 -12.48653 -12.95549 -13.21534 -13.47466 -13.76161 -13.99166 -14.13982 -14.13982 -14.13982 -14.13982 -14.13982 -14.13982 -14.13982 -13.39801 -12.92293 -12.39262 -10.84246 -9.589366 0.04 1.831 2.094 3.084 2.362 2.262 2.34 2.026 2.026 2.026 2.641 2.721 2.847 2.371 2.371 2.307 3.33 1.998 1.998 1.998 1.998 2.695 3.11 3.497 3.353 3.137 3.186 3.298 3.591 3.491 3.03 4.864 11.075 18.828 16.719 16.719 20.826 13.75 6.235 2.435 2.591 2.685 2.435 2.435 2.435 2.435 2.744 10.202 10.518 12.173 10.789 11.646
-7.168025 -8.723977 -11.14439 -12.21957 -12.64338 -13.18817 -13.53533 -13.76196 -14.01307 -14.13982 -14.13982 -14.13982 -14.13982 -14.13982 -14.13982 -13.69598 -12.97637 -12.83543 -12.51587 -11.1223 -4.217315 1.738 2.135 2.19 2.164 2.452 2.285 2.05 2.026 2.229 2.026 2.11 2.056 2.108 2.476 2.54 2.792 2.586 1.998 1.998 1.998 1.998 2.448 2.506 2.506 2.757 2.992 3.17 3.274 3.263 3.225 3.035 3.071 4.87 10.75 18.903 16.719 16.719 21.298 13.136 6.406 2.435 2.435 2.435 2.435 2.998 2.702 2.435 2.693 10.035 10.725 10.47 10.47 10.47
-7.255072 -8.831315 -11.16586 -12.29668 -12.96055 -13.63416 -13.89438 -14.0908 -14.13982 -14.13982 -14.13982 -14.13982 -14.13982 -13.9134 -13.20392 -12.9332 -12.8905 -12.46638 -12.00956 0.04 2.346 2.896 1.738 1.996 2.072 2.203 2.075 2.138 2.221 2.569 2.772 2.026 2.011 2.084 2.217 2.247 2.102 1.998 1.998 1.998 1.998 2.002 2.909 3.202 2.89 2.968 2.863 3.102 3.101 3.101 3.101 3.072 3.222 5.434 10.51 19.001 16.719 16.719 21.056 13.005 6.316 2.435 2.435 2.435 2.446 2.808 2.625 2.435 3.328 10.791 11.028 10.47 10.47 10.47
-9999 -9999 -11.09291 -12.77982 -13.55127 -14.05066 -14.13982 -14.13982 -14.13982 -14.13982 -14.13982 -14.13982 -13.76953 -12.9809 -12.85564 -12.91352 -11.37723 -5.251647 1.336 2.759 3.584 1.738 1.738 2.114 1.996 1.996 2.82 2.918 2.341 2.668 2.224 2.011 2.011 2.011 2.011 1.998 1.998 1.998 1.998 2.169 3.056 4.111 6.213 8.926 10.681 10.413 9.964 9.506 9.013 8.343 8.627 3.072 3.244 5.383 10.823 19.517 16.719 16.719 20.649 13.518 6.306 2.435 2.552 2.659 2.621 2.57 2.611 2.435 2.699 11.557 13.663 10.47 10.47 10.47
-9999 -9999 -9999 -9999 -13.92294 -14.12959 -14.13982 -14.13982 -14.13982 -14.13982 -14.13982 -13.49417 -12.87282 -12.81597 -12.7426 -11.00719 -1.882309 0.459 3.378 3.592 3.927 1.738 2.739 2.628 2.181 1.996 2.089 2.135 2.292 2.275 2.011 2.011 2.011 2.011 2.02 1.998 1.998 2.844 2.903 5.43 6.212 6.937 9.65 15.28 14.394 18.877 18.511 21.913 20.877 21.272 9.769 3.072 3.19 5.584 11.281 20.143 16.719 16.719 20.557 14.46 5.525 3.011 3.129 2.538 2.435 2.435 2.435 2.435 2.719 10.684 12.015 12.965 10.47 10.47
-9999 -9999 -10.95273 -12.86049 -13.80056 -13.92834 -13.93437 -14.06094 -14.13982 -14.13982 -13.26933 -12.59972 -12.33725 -12.25943 -8.241717 0.04 2.859 3.239 4.507 6.344 6.141 4.784 4.845 6.377 2.31 1.996 2.178 2.089 2.11 2.069 2.011 2.011 2.011 2.011 2.839 3.264 5.409 6.172 7.026 9.343 11.345 16.591 16.895 24.043 25.76 26.435 26.171 26.159 26.005 22.09 9.861 3.089 3.072 5.831 11.731 20.186 16.719 16.719 19.262 16.719 8.324 3.635 3.3 4.115 3.878 4.407 3.924 3.747 2.679 10.516 11.626 11.667 12.396 12.078
-6.534873 -9.041625 -10.82141 -12.48975 -13.49606 -13.64163 -13.78093 -14.00251 -13.99797 -13.29345 -12.20904 -11.28687 -10.97424 -7.059799 0.04 4.237 4.494 6.74 6.17 6.186 6.159 6.195 6.169 6.165 5.398 2.274 2.147 2.515 3.041 2.096 2.092 2.948 3.221 5.326 6.001 7.445 10.964 14.218 15.963 22.265 23.259 27.36 28.147 28.046 27.449 26.655 26.731 27.366 25.713 22.865 10.066 3.127 3.072 6.152 11.698 19.897 16.719 16.719 16.719 20.349 12.495 6.876 3.532 3.3 7.526 7.018 5.743 4.422 3.858 7.243 12.388 11.671 11.683 12.153
-6.191655 -9.00868 -10.82737 -12.53382 -13.27753 -13.6077 -13.80053 -13.75808 -12.99354 -12.17571 -10.12632 -9.307986 -6.027031 0.04 4.204 5.575 6.16 6.19 6.869 6.202 6.159 6.159 6.159 6.466 6.206 2.589 3.073 3.049 3.31 3.977 5.268 5.794 6.744 9.976 14.97 19.199 23.525 27.456 31.473 27.258 27.866 28.381 27.513 26.724 26.83 26.97 27.006 26.677 25.269 22.651 10.554 3.09 3.072 6.297 11.985 19.724 16.719 16.719 16.719 20.322 17.182 10.951 6.604 3.3 3.521 8.346 7.459 5.778 3.689 3.689 5.324 10.624 11.688 12.375
-6.028149 -9.225092 -11.09882 -12.53767 -13.43455 -13.75842 -13.70407 -12.78903 -12.02828 -9.267431 -8.053022 -5.390584 0.04 1.267 3.08 3.973 6.032 6.175 6.751 6.686 6.921 6.161 6.163 6.775 6.195 3.397 2.959 4.934 5.938 6.36 9.431 14.552 18.295 22.228 30.712 31.159 30.473 30.575 30.964 29.499 27.595 27.178 26.129 26.914 26.716 26.851 26.758 25.864 24.917 22.425 10.494 3.072 3.072 6.287 12.109 20.064 16.719 16.719 16.719 18.724 20.456 17.111 11.3 6.403 3.359 4.127 8.657 7.64 5.894 4.476 2.49 4.709 7.248 7.412
-6.329245 -9.887376 -11.61181 -12.78424 -13.75842 -13.72806 -12.76191 -11.92569 -9.628563 -6.617256 -3.776658 -1.546436 2.158 2.129 1.156 0.668 2.589 5.107 6.168 6.258 6.188 6.266 6.161 6.167 6.172 5.262 2.959 4.316 5.803 17.295 21.813 29.238 30.527 30.018 30.749 30.081 29.506 29.3 29.14 29.14 30.794 26.405 26.129 26.819 27.367 25.864 25.864 25.872 25.608 21.746 10.234 3.072 3.072 6.395 11.955 20.39 16.719 16.719 17.295 17.744 17.928 20.028 16.885 10.803 6.193 3.465 4.223 8.83 7.629 6.586 4.836 2.49 3.511 4.874
-8.51164 -10.34576 -12.14035 -13.75842 -13.75842 -13.10605 -11.94624 -9.550034 -6.793461 -4.393176 -0.430077 2.341 1.019 1.111 0.622 0.666 0.666 1.672 6.898 6.191 6.218 6.161 6.182 6.373 6.781 2.959 2.959 3.055 6.091 14.247 26.65 29.209 29.051 30.169 30.56 30.927 29.254 29.254 29.371 29.152 30.707 26.655 26.129 26.129 26.129 25.864 25.864 26.113 23.985 21.324 9.646 3.119 3.072 6.438 12.079 20.573 16.719 16.719 19.778 17.64 17.64 17.802 20.281 15.938 10.267 6.413 3.582 5.116 8.934 7.755 6.345 4.769 2.49 2.49
-9.161327 -11.23446 -13.39821 -13.75842 -13.22613 -12.42461 -10.28143 -7.642888 -3.802235 0.04 2.87 2.207 1.479 0.622 0.622 0.802 0.738 0.819 3.139 6.175 6.164 6.799 6.161 6.201 3.004 2.959 2.959 2.959 5.761 11.851 20.825 29.7 29.051 29.789 30.836 30.499 29.89 30.947 29.899 29.695 30.427 27.883 27.19 27.091 27.124 26.833 26.631 26.092 25.673 21.729 9.077 3.094 3.186 6.352 12.181 20.858 17.608 17.36 19.605 17.995 17.982 18.011 18.203 20.77 15.398 9.912 6.223 4.377 6.664 8.712 7.132 6.047 2.49 4.395
-10.20509 -13.13134 -13.75842 -13.37926 -12.57544 -11.81234 -8.970726 -5.64952 -0.6380656 2.684 1.431 1.573 0.273 0.773 1.085 0.622 0.622 0.684 1.789 5.46 6.178 6.244 6.198 6.534 2.959 2.959 2.959 2.959 3.054 6.211 15.962 28.252 31.018 30.047 30.611 30.627 29.829 30.104 28.869 29.334 28.135 23.581 27.466 28.114 27.927 27.674 26.988 25.789 24.814 20.783 9.127 3.094 3.342 6.431 12.235 17.192 17.882 18.2 18.383 18.691 18.394 19.918 19.197 18.812 18.658 15.039 9.305 5.808 4.473 8.119 7.546 6.188 2.49 4.349
-12.43069 -13.75842 -13.75842 -12.70263 -12.1146 -11.30485 -7.304144 -2.497385 1.261 2.043 1.376 0.867 0.273 0.632 0.67 0.622 0.622 0.661 0.664 3.329 5.206 4.979 3.165 3.317 2.959 2.959 2.959 2.959 3.675 6.058 10.629 17.338 17.403 17.328 17.129 17.72 17.722 17.993 18.937 19.11 18.644 17.817 15.556 15.24 15.582 16.035 15.925 15.749 15.334 15.607 8.761 3.094 3.537 6.453 9.998 9.707 9.007 10.599 10.368 10.454 10.414 10.52 10.745 10.608 10.497 10.481 11.051 8.748 5.516 4.895 6.71 6.019 2.49 3.918
