data/sanjacintoriver_dem.asc
ncols         745
nrows         406
xllcorner     275625
yllcorner     3284415
cellsize      30
NODATA_value  -9999
[rows 363 to 395 of 406, columns 518 to 591 of 745]
10.629 10.416 10.341 10.541 10.557 10.414 10.249 10.58 10.747 10.323 10.419 10.295 10.295 10.366 10.295 10.295 10.295 10.295 10.549 10.441 10.441 10.949 10.421 10.561 10.697 10.327 10.681 10.737 10.716 10.81 10.626 10.533 10.6 10.711 10.711 10.151 10.151 10.151 10.151 10.151 10.151 10.151 10.531 10.386 10.315 10.551 10.215 10.323 10.278 10.268 10.274 10.551 10.258 10.367 10.404 10.641 10.306 10.244 10.252 10.328 10.262 10.231 10.231 10.213 10.29 10.276 10.529 10.218 10.112 10.03 9.948 10.025 9.991 9.948
10.488 10.536 10.529 10.61 10.655 10.306 10.227 10.355 10.665 10.323 16.923 10.393 10.295 10.295 10.295 10.295 10.474 10.754 10.588 10.444 10.441 11.087 10.869 10.768 10.717 10.327 10.686 10.757 10.845 10.727 10.536 10.523 10.489 10.662 10.635 10.381 10.377 10.36 10.441 10.526 10.607 10.271 10.295 10.237 10.237 10.215 10.34 10.273 10.46 10.258 10.258 10.258 10.395 10.361 10.279 10.437 10.67 10.282 10.357 10.439 10.364 10.595 10.548 10.253 10.333 10.386 10.14 10.181 10.111 10.095 9.948 9.948 9.948 9.948
10.47 10.498 10.573 10.652 10.66 10.227 10.235 10.46 10.323 10.323 17.225 14.105 10.434 10.647 10.295 10.329 10.506 10.857 10.403 10.441 10.466 10.859 10.534 10.327 10.327 10.327 10.327 10.327 10.327 10.327 10.327 10.327 10.327 10.327 10.428 10.318 10.485 10.36 10.48 10.271 10.271 10.376 10.442 10.237 10.454 10.567 10.215 10.37 10.399 10.42 10.312 10.512 10.279 10.279 10.279 10.279 10.389 10.541 10.456 10.366 10.352 10.373 10.372 10.218 10.33 10.335 10.105 10.18 10.216 10.09 10.171 10.194 10.04 10.041
10.595 10.591 10.654 10.715 10.623 10.273 10.227 10.477 10.323 11.972 17.418 10.434 10.706 10.566 10.295 10.295 10.295 10.392 10.46 10.435 10.435 11.045 10.663 10.327 10.792 10.811 10.911 10.788 10.775 10.748 10.862 10.64 10.664 10.642 10.59 10.318 10.372 10.476 10.829 10.414 10.718 10.519 10.603 10.237 10.423 11.151 10.244 10.215 10.215 10.292 10.237 10.588 10.279 10.279 10.436 10.42 10.356 10.471 10.297 10.297 10.297 10.297 10.307 10.073 10.161 10.166 10.144 10.105 10.073 10.073 10.096 10.049 10.07 10.024
10.456 10.481 10.548 10.61 10.473 10.227 10.238 10.438 10.372 17.146 17.267 10.434 10.56 10.538 10.34 10.32 10.313 10.295 10.534 10.461 10.584 10.731 10.9 10.766 10.327 10.327 10.349 10.344 10.28 10.309 10.237 10.366 10.417 10.417 10.615 10.308 10.465 10.486 10.871 10.496 10.537 10.554 10.624 10.237 10.533 10.652 10.249 10.215 10.215 10.237 10.237 10.573 10.417 10.279 10.279 10.382 10.434 10.637 10.297 10.515 10.353 10.312 10.428 10.073 10.073 10.073 10.257 10.097 10.073 10.073 10.168 10.101 10.135 10.048
10.5 10.43 10.42 10.614 10.227 10.273 10.393 10.302 10.259 17.252 16.523 10.66 10.603 10.508 10.567 10.689 10.295 10.295 10.295 10.504 10.665 11.007 10.912 10.901 10.921 10.72 10.683 10.649 10.638 10.237 10.411 10.548 10.664 10.866 10.6 10.308 10.519 10.27 11.051 10.557 10.525 10.588 10.681 10.237 10.433 10.356 10.273 10.293 10.362 10.501 10.237 10.537 10.279 10.296 10.332 10.369 10.384 10.489 10.297 10.297 10.297 10.292 10.292 10.073 10.255 10.154 10.073 10.073 10.073 10.073 10.218 10.043 10.012 9.894
10.5 10.358 10.358 10.719 10.279 10.227 10.454 10.26 10.259 17.266 10.667 10.696 10.65 10.574 10.386 10.386 10.33 10.856 10.429 10.295 10.295 10.923 10.727 10.785 10.77 10.671 10.237 10.237 10.237 10.237 10.237 10.237 10.237 10.237 10.308 10.805 10.802 10.721 10.27 10.27 10.27 10.57 10.55 10.237 10.563 10.442 10.352 10.454 10.616 10.469 10.354 10.546 10.333 10.279 10.338 10.332 10.342 10.632 10.573 10.478 10.382 10.338 10.397 10.073 10.319 10.184 10.134 10.073 10.073 10.195 10.077 9.999 9.999 9.893
10.505 10.358 10.665 10.594 10.189 10.366 10.665 10.257 14.553 17.073 10.176 10.487 10.723 10.591 10.642 10.625 10.797 10.764 10.737 10.381 10.596 10.295 10.827 10.74 10.808 10.416 10.423 10.237 10.237 10.326 10.237 10.237 10.237 10.237 10.4 10.554 10.634 10.78 10.27 10.299 10.474 10.551 10.532 10.237 10.513 10.497 10.502 10.735 10.747 10.551 10.253 10.646 10.293 10.371 10.34 10.32 10.253 10.42 10.316 10.308 10.427 10.39 10.28 10.073 10.166 10.421 10.073 10.073 10.073 10.243 10.15 10.058 10.035 9.893
10.321 10.254 10.095 10.105 10.138 10.202 10.183 10.127 10.069 10.176 10.287 10.24 10.24 10.24 10.24 10.382 10.382 10.382 10.405 10.434 10.389 10.295 10.327 10.312 10.292 10.358 10.237 10.237 10.237 10.237 10.237 10.237 10.237 10.237 10.237 10.237 10.237 10.237 10.281 10.237 10.237 10.237 10.237 10.29 10.237 10.237 10.237 10.266 10.253 10.253 10.253 10.253 10.253 10.253 10.253 10.253 10.253 10.267 10.187 10.12 10.12 10.235 10.12 10.073 10.073 10.203 10.073 10.073 10.073 10.074 10.073 9.995 9.998 9.89
10.558 10.672 10.776 9.661 9.845 9.725 10.667 9.996 10.735 10.204 10.976 11.122 10.418 10.675 10.408 10.767 10.763 10.751 10.527 10.699 10.759 11.263 10.831 10.562 10.106 10.614 10.927 10.777 10.361 10.476 10.347 10.314 10.237 10.255 10.565 10.637 10.551 10.375 10.237 10.239 10.448 10.432 10.622 10.237 10.428 10.3 10.428 10.494 10.253 10.298 10.253 10.253 10.559 10.423 10.253 10.46 10.411 10.253 10.211 10.12 10.12 10.12 10.18 10.325 10.488 10.349 10.295 10.13 10.139 10.073 10.137 10.079 9.893 9.97
-9999 -9999 -9999 -9999 -9999 -9999 -9999 -9999 -9999 -9999 -9999 -9999 -9999 -9999 -9999 -9999 -9999 -9999 -9999 -9999 -9999 -9999 -9999 10.707 9.896 9.894 10.192 10.626 10.559 10.471 10.344 10.431 10.416 10.41 10.756 10.868 10.853 10.364 10.28 10.242 10.399 10.593 10.522 10.237 10.474 10.414 10.551 10.253 10.253 10.253 10.253 10.253 10.669 10.538 10.253 10.48 11.024 10.499 10.623 10.516 10.354 10.12 10.401 10.341 10.36 10.295 10.413 10.289 10.22 10.172 10.371 10.573 9.976 9.965
-9999 -9999 -9999 -9999 -9999 -9999 -9999 -9999 -9999 -9999 -9999 -9999 -9999 -9999 -9999 -9999 -9999 -9999 -9999 -9999 -9999 -9999 -9999 9.659 9.676 10.514 10.548 10.192 10.34 10.782 10.38 10.46 10.41 10.41 10.722 10.843 10.812 10.441 10.448 10.356 10.387 10.466 10.636 10.237 10.489 10.33 10.513 10.253 10.253 10.287 10.651 10.253 10.557 10.615 10.253 10.531 10.733 10.499 10.499 10.505 10.434 10.37 10.645 10.439 10.435 10.387 10.403 10.3 10.244 10.536 10.633 10.666 10.526 10.304
-9999 -9999 -9999 -9999 -9999 -9999 -9999 -9999 -9999 -9999 -9999 -9999 -9999 -9999 -9999 -9999 -9999 -9999 -9999 -9999 -9999 -9999 -9999 10.353 10.376 10.63 10.192 10.652 10.192 10.402 10.608 10.581 10.41 10.41 10.731 10.848 10.814 10.39 10.39 10.491 10.356 10.706 10.619 10.237 10.461 10.287 10.287 10.253 10.391 10.286 10.67 10.253 10.7 10.653 10.309 10.393 10.646 10.61 10.499 10.539 10.583 10.37 10.37 10.564 10.371 10.371 10.371 10.295 10.632 10.754 10.614 10.607 10.497 10.28
-9999 -9999 -9999 -9999 -9999 -9999 -9999 -9999 -9999 -9999 -9999 -9999 -9999 -9999 -9999 -9999 -9999 -9999 -9999 -9999 -9999 -9999 -9999 10.892 10.906 10.786 10.192 10.535 10.758 10.41 10.402 10.574 10.551 10.468 10.75 10.867 10.848 10.422 10.47 10.492 10.356 10.772 10.768 10.237 10.41 10.434 10.494 10.253 10.42 10.327 10.677 10.313 10.722 10.61 10.446 10.568 10.679 10.552 10.554 10.738 10.56 10.432 10.452 10.6 10.479 10.381 10.446 10.389 10.466 10.519 10.692 10.594 10.592 10.33
-9999 -9999 -9999 -9999 -9999 -9999 -9999 -9999 -9999 -9999 -9999 -9999 -9999 -9999 -9999 -9999 -9999 -9999 -9999 -9999 -9999 -9999 -9999 10.7 10.7 10.747 10.48 10.52 10.78 10.603 10.506 10.402 10.487 10.63 10.71 10.834 10.862 10.422 10.516 10.592 10.444 10.835 10.909 10.237 10.644 10.533 10.78 10.277 10.474 10.379 10.717 10.313 10.67 10.617 10.446 10.446 10.508 10.508 10.508 10.545 10.793 10.493 10.507 10.479 10.381 10.381 10.425 10.535 10.52 10.678 10.697 10.57 10.683 10.294
-9999 -9999 -9999 -9999 -9999 -9999 -9999 -9999 -9999 -9999 -9999 -9999 -9999 -9999 -9999 -9999 -9999 -9999 -9999 -9999 -9999 -9999 -9999 10.998 11.021 10.839 10.51 10.574 10.966 10.849 10.402 10.402 10.412 10.503 10.47 10.601 10.648 10.517 10.5 10.444 10.609 11.17 11.06 10.237 10.594 10.473 10.473 10.339 10.358 10.372 10.86 10.427 10.832 10.787 10.688 10.446 10.6 10.551 10.508 10.529 10.765 10.501 10.479 10.634 10.381 10.381 10.467 10.514 10.537 10.584 10.689 10.576 10.465 10.254
-9999 -9999 -9999 -9999 -9999 -9999 -9999 -9999 -9999 -9999 -9999 -9999 -9999 -9999 -9999 -9999 -9999 -9999 -9999 -9999 -9999 -9999 -9999 10.866 10.842 10.794 10.533 10.734 11.02 11.014 10.402 10.402 10.402 10.874 10.401 10.401 10.434 10.49 10.568 10.598 10.507 11.134 11.041 10.474 10.589 10.553 10.507 10.377 10.445 10.442 10.771 10.427 10.813 10.711 10.471 10.446 10.593 10.84 10.508 10.677 10.938 10.498 10.529 10.568 10.411 10.381 10.47 10.467 10.507 10.733 10.649 10.627 10.397 10.16
-9999 -9999 -9999 -9999 -9999 -9999 -9999 -9999 -9999 -9999 -9999 -9999 -9999 -9999 -9999 -9999 -9999 -9999 -9999 10.908 11.05 11.325 11.276 11.381 11.266 10.853 10.621 10.96 11.081 10.956 10.86 10.402 10.545 10.785 10.405 10.401 10.401 10.401 10.658 10.492 10.472 10.401 11.061 10.763 10.576 10.57 10.377 10.438 10.48 10.472 10.776 10.427 10.876 10.763 10.601 10.521 10.561 10.633 10.508 10.51 10.455 10.408 10.603 10.464 10.381 10.381 10.61 10.561 10.606 10.634 10.706 10.531 10.12 10.182
-9999 -9999 -9999 -9999 -9999 -9999 -9999 -9999 -9999 -9999 -9999 10.89 10.759 10.754 10.8 10.875 10.803 9.073 10.894 10.867 11.119 11.37 11.317 11.333 11.368 11.153 10.986 11.114 11.08 11.094 10.928 10.402 10.676 10.967 10.401 10.705 10.401 10.401 10.401 10.401 10.401 10.401 10.401 10.574 10.483 10.545 10.473 10.444 10.487 10.449 10.862 10.427 10.909 10.683 10.521 10.528 10.648 10.653 10.518 10.557 10.577 10.408 10.408 10.51 10.381 10.381 10.439 10.117 10.326 10.183 10.147 10.102 10.166 10.378
-9999 -9999 -9999 -9999 -9999 -9999 -9999 -9999 -9999 -9999 -9999 10.669 10.711 10.734 10.674 10.66 10.582 9.097 10.823 10.845 11.004 11.38 11.265 11.313 11.257 10.893 10.738 10.907 11.079 10.928 10.993 10.402 10.569 10.777 10.739 10.588 10.596 10.607 10.401 10.401 10.401 10.645 10.703 10.633 10.483 10.483 10.772 10.404 10.488 10.426 10.847 10.427 10.886 10.673 10.708 10.757 10.676 10.679 10.62 10.619 10.581 10.408 10.428 10.442 10.381 10.381 10.503 10.1 10.357 10.177 10.021 10.032 10.067 10.397
-9999 -9999 -9999 -9999 -9999 -9999 -9999 -9999 -9999 -9999 -9999 10.607 10.696 10.739 10.95 10.759 10.546 9.211 10.716 10.445 10.614 10.766 10.801 10.799 10.767 10.615 10.613 10.795 10.963 11.04 10.974 10.67 10.604 10.628 10.609 10.608 10.573 10.812 10.631 10.401 10.401 10.68 10.503 10.648 10.627 10.535 10.65 10.404 10.407 10.42 10.891 10.427 10.809 10.78 10.673 10.673 10.812 10.657 10.576 10.767 10.612 10.408 10.408 10.408 10.381 10.381 10.411 10.01 10.135 9.97 9.967 9.967 10.091 10.214
-9999 -9999 -9999 -9999 -9999 -9999 -9999 -9999 -9999 -9999 -9999 10.676 10.609 10.644 10.575 10.582 10.582 9.306 10.433 10.433 10.433 10.433 10.433 10.433 10.433 10.433 10.657 10.72 10.763 10.937 10.828 10.894 10.524 10.52 10.537 10.603 10.553 10.904 11.033 10.627 10.496 10.401 10.778 10.773 10.714 10.447 10.41 10.417 10.404 10.368 11.008 11.026 11.027 10.821 10.874 10.975 10.815 10.61 10.576 10.576 10.549 10.408 10.569 10.565 10.564 10.478 10.47 10.133 10.01 9.967 9.967 9.967 10.069 9.945
-9999 -9999 -9999 -9999 -9999 -9999 -9999 -9999 -9999 -9999 -9999 10.768 10.741 10.74 10.737 10.543 10.673 10.97 11.022 11.009 11.135 10.753 10.927 11.084 10.824 10.75 10.863 10.681 10.681 11.038 10.809 10.631 10.52 10.52 10.52 10.52 10.88 10.757 10.52 10.479 10.617 10.582 10.401 10.401 10.776 10.774 10.581 10.392 10.479 10.368 10.437 10.368 10.477 10.537 10.551 10.715 10.77 10.614 10.615 10.629 10.599 10.68 10.537 10.506 10.572 10.436 10.411 10.401 10.026 10.113 10.163 10.257 9.967 9.945
-9999 -9999 -9999 -9999 -9999 -9999 -9999 -9999 -9999 -9999 -9999 10.715 10.662 10.659 10.579 10.543 10.551 10.616 10.779 10.809 10.582 10.701 10.571 10.64 10.706 10.672 10.874 10.681 10.681 11.002 10.859 10.54 10.52 10.52 10.52 10.52 10.52 10.52 10.544 10.554 10.434 10.509 10.609 10.481 10.251 10.428 10.624 10.698 10.368 10.368 10.368 10.368 10.658 10.568 10.54 10.46 10.53 10.479 10.479 10.479 10.477 10.444 10.444 10.349 10.349 10.275 10.181 10.071 9.942 9.864 9.836 9.833 9.833 9.833
-9999 -9999 -9999 -9999 -9999 -9999 -9999 -9999 -9999 -9999 -9999 10.533 10.614 10.581 10.559 10.543 10.57 10.551 10.551 10.562 10.553 10.701 10.552 10.552 10.623 10.652 10.867 10.762 10.688 10.783 10.673 10.709 10.611 10.722 10.86 10.734 10.789 10.586 10.554 10.428 10.399 10.444 10.351 10.351 10.511 10.24 10.278 10.372 10.368 10.424 10.38 10.368 10.368 10.378 10.46 10.64 10.684 10.518 10.479 10.502 10.791 10.59 10.647 10.416 10.484 10.454 10.373 10.336 10.008 10.199 10.332 10.333 10.205 10.099
-9999 -9999 -9999 -9999 -9999 -9999 -9999 -9999 -9999 -9999 -9999 10.623 10.533 10.533 10.543 10.543 10.587 10.555 10.846 10.552 10.552 10.973 10.552 10.596 10.592 10.628 10.89 10.769 10.671 10.576 10.513 10.489 10.395 10.395 10.47 10.456 10.519 10.456 10.417 10.368 10.351 10.351 10.389 10.409 10.362 10.569 10.24 10.168 10.168 10.384 10.66 10.457 10.423 10.648 10.567 10.341 10.431 10.661 10.704 10.635 10.627 10.632 10.687 10.419 10.698 10.374 10.421 10.452 10.236 10.366 10.319 10.268 10.287 10.217
-9999 -9999 -9999 -9999 -9999 -9999 -9999 -9999 -9999 -9999 -9999 10.705 10.59 10.57 10.55 10.543 10.799 10.72 10.771 10.767 10.583 10.552 10.696 10.715 10.592 10.679 10.99 10.736 10.635 10.563 10.464 10.395 10.395 10.395 10.509 10.53 10.456 10.514 10.485 10.568 10.493 10.402 10.486 10.61 10.423 10.353 10.451 10.248 10.168 10.18 10.446 10.884 -9999 -9999 -9999 -9999 -9999 -9999 -9999 -9999 -9999 -9999 -9999 -9999 -9999 -9999 -9999 -9999 -9999 -9999 -9999 -9999 -9999 -9999
-9999 -9999 -9999 -9999 -9999 -9999 -9999 -9999 -9999 -9999 -9999 10.609 10.674 10.715 10.543 10.543 10.61 10.61 10.668 10.664 10.695 10.751 10.803 10.711 10.592 10.779 11.015 10.764 10.585 10.445 10.395 10.405 10.395 10.427 10.469 10.47 10.459 10.63 10.604 10.505 10.419 10.393 10.393 10.415 10.333 10.395 10.466 10.168 10.394 10.203 10.18 10.796 -9999 -9999 -9999 -9999 -9999 -9999 -9999 -9999 -9999 -9999 -9999 -9999 -9999 -9999 -9999 -9999 -9999 -9999 -9999 -9999 -9999 -9999
-9999 -9999 -9999 -9999 -9999 -9999 -9999 -9999 -9999 -9999 -9999 10.564 10.613 10.585 10.543 10.543 10.612 10.61 10.61 10.813 10.664 10.686 10.704 10.654 10.592 10.592 10.951 10.574 10.574 10.425 10.447 10.395 10.421 10.395 10.395 10.476 10.575 10.531 10.477 10.468 10.393 10.428 10.489 10.393 10.333 10.334 10.168 10.239 10.305 10.388 10.226 -9999 -9999 -9999 -9999 -9999 -9999 -9999 -9999 -9999 -9999 -9999 -9999 -9999 -9999 -9999 -9999 -9999 -9999 -9999 -9999 -9999 -9999 -9999
-9999 -9999 -9999 -9999 -9999 -9999 -9999 -9999 -9999 -9999 -9999 10.647 10.617 10.83 10.559 10.543 10.76 10.796 10.795 10.666 10.771 10.957 10.882 10.684 10.592 10.68 10.856 10.727 10.626 10.464 10.395 10.395 10.584 10.679 10.747 10.761 10.907 10.553 10.521 10.51 10.461 10.597 10.431 10.402 10.414 10.31 10.12 10.241 10.3 10.211 10.394 -9999 -9999 -9999 -9999 -9999 -9999 -9999 -9999 -9999 -9999 -9999 -9999 -9999 -9999 -9999 -9999 -9999 -9999 -9999 -9999 -9999 -9999 -9999
-9999 -9999 -9999 -9999 -9999 -9999 -9999 -9999 -9999 -9999 -9999 10.747 10.617 10.868 10.803 10.687 10.768 10.766 10.707 10.707 10.821 10.899 10.766 10.653 10.675 10.61 10.904 10.533 10.448 10.395 10.395 10.395 10.485 10.801 10.926 10.961 10.938 10.461 10.523 10.468 10.309 10.45 10.453 10.34 10.216 10.217 10.12 10.17 10.075 9.898 -9999 -9999 -9999 -9999 -9999 -9999 -9999 -9999 -9999 -9999 -9999 -9999 -9999 -9999 -9999 -9999 -9999 -9999 -9999 -9999 -9999 -9999 -9999 -9999
-9999 -9999 -9999 -9999 -9999 -9999 -9999 -9999 -9999 -9999 -9999 10.619 10.685 10.723 10.82 10.687 10.921 10.802 10.668 10.668 10.78 10.653 10.653 10.653 10.729 10.727 10.986 10.804 10.638 10.677 10.484 10.395 10.404 10.535 10.785 10.958 10.999 10.48 10.461 10.403 10.173 10.267 10.134 10.172 10.122 10.256 10.093 10.123 10.028 9.898 10.071 10.083 -9999 -9999 -9999 -9999 -9999 -9999 -9999 -9999 -9999 -9999 -9999 -9999 -9999 -9999 -9999 -9999 -9999 -9999 -9999 -9999 -9999 -9999
-9999 -9999 -9999 -9999 -9999 -9999 -9999 -9999 -9999 -9999 -9999 10.812 10.749 10.802 10.947 10.727 10.69 10.707 10.724 10.668 10.668 10.83 10.772 10.653 10.653 10.746 11.07 10.696 10.62 10.564 10.576 10.265 10.279 10.453 10.489 10.555 10.531 10.411 10.467 10.32 10.216 10.138 10.028 10.012 10.013 10.041 9.945 10.148 10.295 9.898 9.962 10.077 9.777 -9999 -9999 -9999 -9999 -9999 -9999 -9999 -9999 -9999 -9999 -9999 -9999 -9999 -9999 -9999 -9999 -9999 -9999 -9999 -9999 -9999
