data/vince_dem.asc
ncols         280
nrows         370
xllcorner     282705
yllcorner     3279315
cellsize      30
NODATA_value  -9999
[rows 68 to 101 of 370, columns 75 to 149 of 280]
7.498 7.498 7.881 7.777 7.722 7.801 7.712 7.426 7.203 6.739 6.636 6.308 6.352 6.263 6.096 5.556 5.497 5.664 5.59 5.168 5.827 3.514 1.905 1.905 1.905 2.994 3.2 3.565 3.809 4.039 4.356 5.199 6.284 6.071 6.307 6.397 6.575 7.256 7.024 7.024 7.024 7.117 7.149 7.208 7.371 7.371 7.371 7.533 7.85 7.715 7.72 7.727 7.611 7.654 7.749 7.62 7.374 7.376 7.379 7.378 7.67 7.492 7.582 7.477 7.692 7.529 7.346 7.422 7.423 7.252 7.28 6.749 7.437 7.131 7.425
7.376 7.389 7.282 7.341 7.548 7.317 7.188 7.131 7.164 6.634 6.553 6.338 6.308 6.31 6.283 5.628 5.237 5.448 5.493 5.84 5.207 1.905 3.976 1.905 2.763 3.05 2.994 2.994 2.994 2.994 3.577 5.751 6.055 6.107 6.25 6.887 6.481 7.633 7.775 7.521 7.59 7.317 7.117 7.376 7.526 7.492 7.371 7.627 7.623 7.675 7.692 7.611 7.611 7.611 7.674 7.832 7.374 7.74 7.706 7.385 7.593 7.492 7.602 7.204 7.06 7.06 7.06 7.06 7.06 7.06 6.749 6.749 7.447 7.131 7.573
7.282 7.282 7.282 7.282 7.222 7.192 7.131 7.131 7.131 6.574 6.482 6.216 6.202 6.202 6.174 5.319 5.083 5.656 5.604 5.147 1.905 3.948 2.789 1.905 3.964 3.963 4.493 4.581 4.754 5.011 4.682 4.078 5.829 6.115 6.268 7.053 6.362 7.746 7.849 7.72 7.55 7.319 7.341 7.379 7.43 7.63 7.371 7.631 7.738 7.646 7.772 7.611 7.671 7.611 7.757 7.826 7.374 7.524 7.626 7.519 7.745 7.492 7.62 7.363 7.542 7.447 7.442 7.422 7.416 7.474 7.504 6.749 7.325 7.131 7.354
7.72 7.683 7.483 7.61 7.247 7.273 7.297 7.269 7.216 6.469 6.443 6.24 6.211 6.142 6.104 5.579 5.083 5.28 5.081 4.531 1.905 5.015 3.533 1.905 4.537 4.036 4.27 4.338 4.374 4.445 4.421 4.3 4.779 6.086 6.851 7.02 6.331 7.673 7.783 7.777 7.548 7.333 7.346 7.41 7.379 7.648 7.371 7.644 7.638 7.621 7.611 7.611 7.702 7.611 7.728 7.981 7.374 7.493 7.632 7.6 7.573 7.492 7.548 7.488 7.473 7.514 7.475 7.665 7.439 7.387 7.387 7.526 6.749 7.398 7.131
7.706 7.687 7.604 7.433 7.172 7.139 7.231 7.067 6.842 6.287 6.799 6.77 6.767 6.764 6.7 5.359 5.248 5.063 4.965 4.195 1.905 4.573 3.152 1.905 4.383 4.539 5.653 5.78 5.686 5.943 6.053 5.419 6.221 6.118 6.837 6.891 6.331 7.712 7.794 7.682 7.778 7.772 7.397 7.385 7.475 7.56 7.371 7.495 7.589 7.611 7.89 7.897 7.9 7.82 7.671 7.812 7.374 7.602 7.597 7.556 7.492 7.492 7.691 7.626 7.651 7.571 7.475 7.579 7.415 7.387 7.387 7.665 6.749 7.439 7.131
7.614 7.338 7.398 7.366 7.225 7.21 7.139 6.849 6.287 6.287 6.697 6.776 6.782 6.694 6.671 5.266 5.315 5.343 4.536 2.863 2.913 4.04 2.729 1.905 4.498 5.064 5.685 5.956 6.027 6.177 6.343 6.372 6.148 6.085 6.583 6.65 6.331 7.107 7.394 7.62 7.848 7.84 7.306 7.437 7.731 7.867 7.371 7.783 7.716 7.632 7.671 7.925 7.855 7.714 7.849 8.038 7.374 7.526 7.712 7.615 7.593 7.492 7.492 7.598 7.593 7.769 7.614 7.518 7.665 7.495 7.387 7.612 6.749 7.404 7.37
6.938 7.327 7.35 7.136 6.747 6.904 6.945 6.559 6.287 6.287 6.287 6.287 6.287 5.842 5.485 4.763 4.13 3.87 3.97 2.863 2.863 4.193 4.021 4.164 4.049 4.127 4.397 4.782 5.078 5.386 5.562 5.725 5.822 5.966 6.053 6.167 6.31 6.31 6.365 6.535 6.738 6.865 6.999 7.048 7.326 7.418 7.449 7.49 7.505 7.505 7.505 7.562 7.515 7.515 7.515 7.396 7.374 7.432 7.603 7.593 7.69 7.492 7.492 7.492 7.66 7.64 7.404 7.387 7.387 7.387 7.387 7.557 6.749 7.456 7.282
7.005 6.938 6.504 6.504 6.472 6.472 6.606 6.871 6.287 6.287 6.437 6.449 6.551 6.269 6.401 6.503 6.103 4.04 3.655 2.863 3.387 4.927 3.514 3.514 4.78 5.339 5.859 6.184 6.397 6.503 6.398 6.565 6.484 6.539 6.78 6.672 6.34 6.956 7.236 6.949 7.515 7.447 7.518 7.573 7.663 7.59 7.418 7.711 7.997 7.505 7.709 7.695 7.58 7.683 7.786 7.645 7.374 7.7 7.971 7.689 8.023 7.82 7.885 7.774 7.818 7.87 7.934 7.906 7.846 8.12 7.819 7.926 6.749 7.443 7.251
7.13 7.569 7.091 6.786 6.472 6.598 6.472 6.287 6.287 6.287 6.55 6.665 6.646 6.291 6.47 6.188 6.556 6.526 5.294 2.863 3.825 5.038 3.514 3.514 4.921 5.362 6.042 6.153 6.19 6.279 6.499 6.52 6.731 6.607 6.801 6.762 6.42 7.263 7.127 7.055 7.435 7.396 7.374 7.411 7.397 7.659 7.431 7.605 7.621 7.505 7.763 7.881 7.847 7.88 7.866 7.827 7.406 7.781 7.843 7.796 8.107 8.19 8.078 7.826 7.702 7.632 7.676 7.752 7.717 7.548 7.651 7.932 6.787 7.169 7.342
7.652 7.439 7.19 6.986 6.853 6.98 6.917 6.652 6.542 6.287 6.287 6.287 6.294 6.261 6.225 6.188 6.293 6.534 5.588 2.863 3.891 3.514 3.77 4.408 4.999 5.365 5.845 5.845 6.048 6.048 6.322 6.322 6.711 6.705 6.806 6.969 6.42 7.209 7.254 7.055 7.502 7.374 7.43 7.397 7.684 7.641 7.431 7.555 7.628 7.657 7.773 7.763 7.792 7.792 7.877 7.997 7.449 7.637 7.8 7.754 8.108 7.903 8 7.548 7.548 7.548 7.548 7.548 7.548 7.548 7.548 7.548 7.873 6.787 7.477
7.631 7.509 7.229 7.877 7.518 7.872 7.803 7.763 7.63 6.287 6.805 6.848 6.829 6.542 6.583 6.664 6.703 6.559 6.31 2.863 3.514 3.679 4.781 5.24 5.702 5.876 5.87 6.133 6.332 6.482 6.583 6.802 6.907 6.706 6.698 6.844 6.42 7.266 7.327 7.055 7.391 7.361 7.476 7.676 7.58 7.57 7.506 7.668 7.766 7.653 7.921 7.838 7.852 7.792 7.941 7.885 7.497 7.751 7.902 7.773 7.754 7.744 7.951 7.663 7.75 7.741 7.681 7.734 7.82 7.84 7.581 7.548 7.993 6.787 7.597
7.657 7.458 7.363 7.802 8.009 7.775 7.85 7.878 7.992 6.287 6.739 6.82 6.925 6.542 6.58 6.627 6.653 6.631 6.191 2.863 3.224 2.863 4.744 4.944 5.671 5.918 6.174 6.2 6.518 6.593 6.547 6.744 6.91 6.669 6.781 6.992 6.581 7.187 7.305 7.102 7.298 7.514 7.607 7.608 7.606 7.552 7.512 7.612 7.66 7.653 7.69 7.69 7.808 8.004 8.03 7.844 7.58 7.711 7.979 7.783 7.728 7.769 7.968 7.801 7.672 7.745 7.815 7.842 7.768 7.621 7.548 7.548 7.84 7.661 6.787
7.458 7.777 7.495 7.643 8.077 7.945 7.937 7.993 7.771 6.287 6.617 6.542 6.542 6.542 6.609 6.58 6.58 6.654 4.813 2.863 3.493 2.863 2.863 2.863 5.769 5.843 6.015 6.134 6.357 6.474 6.666 6.72 6.772 6.633 6.924 7.135 6.757 7.212 7.118 7.102 7.419 7.709 7.613 7.608 7.552 7.621 7.533 7.671 7.758 7.653 7.775 7.771 7.959 7.88 7.936 7.858 7.58 7.806 7.803 7.677 8.066 7.925 7.981 7.924 7.907 7.708 7.772 7.708 7.845 7.652 7.557 7.871 7.548 7.68 7.733
7.621 7.93 7.844 7.974 7.76 7.752 7.762 7.728 8.021 6.485 7.008 6.945 6.908 6.612 6.653 6.704 6.717 6.583 4.76 2.863 3.912 2.863 2.863 2.863 4.836 5.464 5.928 5.647 5.951 6.13 6.13 6.35 6.448 7.251 7.158 7.162 6.757 7.344 7.209 7.102 7.29 7.481 7.761 7.576 7.746 7.643 7.533 7.722 7.662 7.653 7.771 7.813 7.775 7.708 7.708 7.708 7.702 7.624 7.624 7.624 7.713 7.886 7.812 7.793 7.793 7.708 7.708 7.708 8.084 7.557 7.865 8.047 8.016 7.696 7.767
7.971 7.802 8.055 8.14 7.709 7.709 7.709 7.605 7.666 6.915 7.022 7.122 7.146 6.734 6.602 6.654 6.734 6.602 4.35 3.329 2.863 2.863 2.893 2.931 3.336 3.959 4.874 5.738 6.321 6.141 6.326 6.413 6.785 6.99 7.077 7.253 6.924 7.212 7.232 7.131 7.5 7.364 7.59 7.762 7.798 7.833 7.804 7.856 7.972 7.688 7.797 8.011 8.06 7.85 7.841 8.082 7.64 7.938 7.933 7.761 7.95 7.875 7.915 7.918 7.888 7.749 7.995 7.793 8.135 7.8 7.907 8.236 8.064 7.696 7.696
8.05 7.985 8.038 8.035 8.08 8.089 7.968 7.621 7.412 7.293 7.015 6.871 6.868 6.743 6.602 6.602 6.602 6.642 4.045 4.05 2.863 2.863 3.005 2.893 4.029 4.539 5.364 6.868 6.795 6.309 6.689 6.81 6.966 7.058 7.009 7.207 7.017 7.08 7.429 7.276 7.529 7.586 7.704 7.819 8.013 7.798 7.798 7.91 7.987 7.688 7.948 7.797 7.861 7.781 7.781 7.781 7.695 8.007 8.1 7.977 7.969 8.101 8.263 8.162 8.141 8.092 7.799 7.932 7.852 7.812 7.704 7.704 7.696 7.742 7.727
7.925 8.14 8.251 8.23 8.274 8.155 7.797 7.506 7.298 7.422 7.765 7.878 7.927 6.804 6.602 6.974 6.95 6.809 2.863 3.947 2.863 4.364 3.104 3.071 3.034 5.691 5.815 5.364 6.022 6.476 6.728 6.863 6.805 6.83 6.841 7.284 7.017 7.262 7.381 7.216 7.457 7.413 7.68 7.9 7.798 7.798 7.798 7.945 7.926 7.688 7.973 7.797 7.837 7.781 7.84 7.844 7.723 8.034 7.969 7.969 8.021 7.973 8.142 7.966 7.922 7.91 7.863 7.83 7.933 7.858 8.043 8.185 8.122 8.2 8.223
7.895 8.109 8.244 8.222 8.14 8.033 7.819 7.611 7.6 7.463 7.77 7.685 7.584 7.502 6.714 6.862 6.923 6.727 2.863 3.388 2.863 4.007 3.356 3.034 3.639 5.959 6.29 6.431 6.147 6.022 6.022 6.591 6.906 7.136 7.019 7.304 7.017 7.343 7.368 7.215 7.413 7.55 7.766 7.876 7.937 7.905 7.798 8.039 8.012 7.75 8.144 7.797 7.924 8.021 7.949 7.867 7.876 8.04 7.969 7.969 8.109 7.997 7.938 7.907 7.907 7.907 7.87 7.83 7.83 7.83 8.289 8.274 8.27 8.31 8.172
8.005 8.106 8.091 8.004 7.945 7.833 8.155 7.967 7.757 7.463 8.189 8.174 7.73 7.704 6.707 6.631 6.586 6.597 2.863 3.692 2.863 3.62 3.427 3.304 4.885 6.365 6.567 6.548 6.706 6.35 6.546 6.022 6.103 7.001 7.069 7.281 7.081 7.147 7.404 7.215 7.391 7.717 7.74 7.913 7.801 8.057 7.837 7.907 7.791 7.848 8.253 7.845 8.024 8.115 8.003 7.996 7.899 8.036 7.969 7.969 7.969 8.078 8.225 7.908 8.051 8.021 8.066 7.913 7.854 8.282 7.851 7.804 7.804 7.804 7.804
7.319 7.474 7.766 7.766 7.766 7.766 7.766 7.835 7.734 7.463 8.029 8.08 7.926 7.707 6.603 5.258 4.252 3.432 2.863 3.727 2.863 4.096 4.532 5.088 5.827 6.258 6.546 6.47 6.661 6.687 6.945 7.054 6.863 7.038 7.383 7.256 7.211 7.249 7.215 7.215 7.255 7.495 7.653 7.809 7.718 7.76 7.76 8.003 8.32 7.806 8.011 7.922 8.063 7.989 8.141 8.162 7.973 8.065 8.026 7.969 7.998 8.231 8.242 8.145 8.107 8.003 7.937 7.952 7.96 7.913 8.059 8.14 8.146 8.058 7.804
8.083 8.038 8.216 8.148 7.972 8.139 7.997 8.099 8.004 7.463 7.878 7.703 7.61 7.421 5.585 3.587 2.924 2.863 2.863 3.711 2.863 3.811 4.662 4.997 5.404 6.303 6.4 6.935 6.896 6.868 7.044 7.285 7.141 7.053 7.462 7.287 7.211 7.211 7.399 7.215 7.287 7.342 7.651 7.651 7.871 7.865 7.76 7.915 7.837 7.806 7.925 7.971 7.967 8.092 8.067 8.124 7.992 8.012 8.209 8.095 8.096 8.1 8.115 8.045 8.154 7.937 7.937 8.055 8.028 7.913 7.944 7.926 7.925 7.794 7.794
8.22 8.112 8.258 8.182 8.043 8.045 8.205 8.133 8.219 7.463 8.148 8.102 8.033 8.051 5.647 3.38 2.863 2.863 2.863 3.7 2.863 3.899 3.588 3.924 3.924 4.926 5.933 6.408 7.007 6.978 7.158 7.168 7.073 7.15 7.053 7.383 7.211 7.587 7.254 7.215 7.543 7.761 7.826 7.807 7.774 7.981 7.902 7.916 7.899 7.806 7.944 8.019 8.144 8.03 8.118 8.135 8.083 8.039 8.045 8.045 8.045 8.152 8.107 8.045 8.185 7.971 8.023 8.172 8.095 8.1 8.004 8.35 8.078 8.189 8.301
7.525 7.525 7.525 7.525 7.615 7.738 7.738 7.931 7.806 7.463 8.241 8.125 8.034 7.919 5.638 3.361 2.863 2.863 2.863 2.92 2.863 2.863 4.463 4.78 4.21 3.924 5.361 6.535 6.751 7.077 7.144 7.302 7.175 7.344 7.053 7.594 7.25 7.509 7.479 7.215 7.561 7.678 7.782 7.645 7.645 7.669 7.751 7.751 7.878 7.806 7.806 7.806 7.883 7.921 7.958 7.958 7.958 8.184 8.205 8.343 8.287 8.197 8.093 8.045 8.045 8.316 8.085 8.233 8.029 8.004 8.004 8.472 8.597 8.654 8.642
7.849 7.963 8.18 8.122 8.054 8.285 8.094 8.289 8.288 7.463 8.124 8.164 8.157 8.042 5.4 3.375 2.863 2.863 2.863 4.469 2.863 2.863 4.81 5.544 4.726 3.924 5.402 6.265 6.7 6.978 7.259 7.348 7.354 7.271 7.117 7.37 7.389 7.284 7.579 7.215 7.395 7.516 7.645 7.645 7.84 7.93 7.771 7.751 7.858 7.806 8.055 8.189 8.141 8.155 8.181 8.157 7.958 8.004 8.184 8.122 8.326 8.093 8.12 8.226 8.294 8.162 8.107 8.296 8.256 8.043 8.204 8.777 8.645 8.631 8.749
7.849 8.3 8.214 8.124 8.054 8.161 8.257 8.374 8.192 7.605 8.226 8.185 8.17 8.204 5.217 3.372 2.863 2.863 2.863 3.402 2.863 2.863 5.21 5.644 3.924 4.031 4.064 5.602 6.488 6.772 7.275 7.409 7.334 7.295 7.377 7.477 7.478 7.708 7.59 7.257 7.586 7.628 7.903 7.767 7.83 7.756 7.934 7.932 7.963 7.896 8.158 8.276 8.231 8.184 8.242 8.252 8.21 8.281 8.122 8.122 8.164 8.246 8.296 8.112 8.251 8.182 8.184 8.058 8.043 8.043 8.203 8.658 8.674 8.675 8.719
7.849 7.849 7.849 8.129 8.087 8.35 8.183 8.356 8.095 7.605 8.31 8.222 8.285 8.304 5.26 3.361 2.863 2.863 2.863 2.863 2.863 2.863 5.291 5.095 4.207 5.359 5.634 6.367 6.597 6.912 7.432 7.517 7.658 7.702 7.632 7.451 7.538 7.722 7.581 7.257 7.648 7.434 7.829 7.637 7.657 7.76 7.846 7.966 7.904 7.896 7.925 7.925 7.925 7.95 7.966 8.041 8.222 8.399 8.347 8.122 8.242 8.294 8.392 8.112 8.112 8.043 8.043 8.043 8.043 8.102 8.418 8.725 8.698 8.742 8.807
7.849 8.345 8.124 7.849 8.155 8.288 8.227 8.359 8.486 7.605 8.25 8.146 8.103 8.07 5.232 3.355 2.863 2.863 2.863 2.863 2.863 2.863 5.362 4.457 4.995 5.735 6.178 6.387 6.723 6.955 7.339 7.435 7.573 7.573 7.591 7.451 7.451 7.526 7.48 7.345 7.386 7.386 7.386 7.901 7.845 7.967 7.946 8.077 8.124 7.938 8.085 8.084 8.083 8.28 8.296 8.27 8.279 8.381 8.26 8.122 8.352 8.34 8.336 8.37 8.268 8.451 8.19 8.055 8.347 8.043 8.506 8.639 8.776 8.643 8.516
7.849 8.231 8.247 7.881 8.233 8.142 8.124 8.124 8.139 7.605 8.314 8.332 8.322 8.333 3.797 3.292 2.863 2.863 2.863 2.863 4.127 2.863 5.934 5.163 4.457 5.634 6.269 6.697 6.774 6.822 7.555 7.537 7.612 7.926 8.24 8.035 7.582 7.924 7.843 7.844 7.862 8.01 7.892 7.845 7.845 8.023 7.988 7.982 8.005 7.961 8.11 8.099 8.258 8.229 8.3 8.23 8.282 8.269 8.348 8.122 8.519 8.351 8.451 8.313 8.331 8.336 8.122 8.166 8.331 8.081 8.215 8.215 8.586 8.606 8.247
7.873 8.156 8.178 7.916 8.111 8.19 8.124 8.276 8.383 7.694 8.281 8.142 8.06 8.06 3.699 3.296 2.863 2.863 3.472 2.863 4.286 2.863 5.841 5.954 5.377 4.457 6.042 6.742 6.892 6.774 7.578 7.79 7.689 8.1 8.131 8.073 7.612 7.865 8.019 8.02 8.059 8.1 7.916 8.062 7.989 7.845 7.91 8.049 7.965 7.953 8.056 8.073 8.122 8.267 8.183 8.248 8.278 8.299 8.379 8.199 8.414 8.427 8.477 8.297 8.397 8.297 8.245 8.174 8.117 8.135 8.356 8.348 8.548 8.386 8.128
7.873 8.281 8.281 7.916 8.21 8.111 8.319 8.393 8.343 7.694 8.302 8.282 8.335 8.276 3.841 3.337 2.863 2.863 4.379 2.863 3.119 2.863 5.91 6.024 4.457 5.113 5.884 6.322 6.982 7.209 7.583 7.816 7.901 8.119 8.086 7.919 7.878 7.937 7.865 7.968 7.948 8.202 7.978 7.954 8.073 7.907 7.982 7.953 8.06 7.953 8.133 8.056 8.056 8.114 8.273 8.417 8.413 8.472 8.469 8.199 8.368 8.368 8.436 8.297 8.297 8.315 8.239 8.221 8.209 8.194 8.369 8.434 8.361 8.348 8.175
8.189 8.185 8.247 8.217 8.236 8.155 8.22 8.391 8.332 7.75 8.141 8.035 7.946 7.877 3.794 3.284 2.863 2.863 4.12 2.863 2.863 2.863 5.849 6.367 5.608 4.457 5.944 6.484 7.054 7.334 7.693 7.657 7.788 8.057 8.153 8.079 7.755 7.955 8.066 8.051 8.032 7.948 7.907 7.907 7.907 7.907 7.907 7.971 7.953 7.953 8.083 8.056 8.073 8.173 8.181 8.256 8.256 8.354 8.642 8.199 8.455 8.368 8.498 8.304 8.306 8.393 8.295 8.261 8.297 8.234 8.388 8.391 8.331 8.366 8.175
8.469 7.85 8.094 8.238 8.23 8.164 8.295 8.27 8.332 7.686 8.298 8.314 8.331 8.24 3.83 3.264 2.863 2.863 2.876 2.863 2.863 2.863 5.99 6.361 5.957 4.457 6.337 6.74 6.866 7.01 7.213 7.387 7.437 7.555 7.628 7.628 7.856 7.963 7.955 8.14 8.033 8.026 7.907 8.067 7.953 8.005 7.907 8.037 8.006 7.953 8.322 8.115 8.162 8.145 8.218 8.349 8.282 8.492 8.461 8.199 8.416 8.506 8.548 8.332 8.447 8.446 8.51 8.409 8.446 8.273 8.297 8.425 8.279 8.29 8.243
8.301 7.85 8.114 8.24 8.318 8.201 8.186 8.364 8.542 7.686 8.31 8.242 8.303 8.24 3.74 3.225 2.863 2.863 2.863 2.863 4.289 2.863 6.295 6.635 6.092 4.457 6.312 6.986 7.4 7.148 7.732 7.733 7.79 8.08 8.17 7.946 7.902 8.015 8.006 8.041 8.054 8.117 8.072 8.028 7.983 8.048 8.039 8.079 8.046 7.953 8.099 8.119 8.276 8.375 8.33 8.351 8.358 8.283 8.329 8.199 8.26 8.48 8.556 8.419 8.3 8.567 8.652 8.648 8.861 8.291 8.293 8.257 8.375 8.341 8.514
8.184 7.792 8.165 8.25 8.244 8.186 8.286 8.294 7.887 7.686 7.99 7.99 7.944 7.842 5.16 4.856 3.76 2.982 2.863 4.228 7.073 6.959 6.442 6.4 4.98 4.457 6.48 6.844 7.249 7.279 7.551 7.551 7.609 7.673 7.684 7.684 7.684 7.71 7.742 7.742 7.742 7.75 7.75 7.75 7.847 7.929 7.97 8.017 7.998 7.971 7.979 7.991 8.064 8.118 8.123 8.205 8.3 8.32 8.338 8.297 8.25 8.25 8.25 8.25 8.25 8.25 8.25 8.25 8.281 8.301 8.202 8.202 8.141 8.08 8.015
