data/vince_dem.asc
ncols         280
nrows         370
xllcorner     282705
yllcorner     3279315
cellsize      30
NODATA_value  -9999
[rows 102 to 135 of 370, columns 75 to 149 of 280]
8.131 7.671 8.093 8.18 8.355 8.187 8.32 8.149 8.192 7.686 8.132 8.343 8.135 8.233 8.435 8.162 6.546 3.14 2.863 4.672 7.791 7.935 7.227 5.987 4.959 5.418 7.278 7.153 8.1 7.948 8.04 7.971 8.002 8.444 8.32 8.234 8.225 8.418 7.939 8.034 8.085 7.985 7.98 8.314 8.176 8.078 8.073 8.217 8.132 7.968 8.335 8.063 8.354 8.111 8.206 8.274 8.215 8.37 8.322 8.358 8.416 8.541 8.671 8.282 8.5 8.711 8.587 8.369 8.561 8.202 8.202 8.612 8.417 8.518 8.358
7.671 8.144 8.084 8.141 8.096 8.165 8.153 8.207 8.274 7.686 7.987 8.391 8.092 8.429 8.421 8.305 6.75 3.387 2.863 5.434 7.856 7.895 7.479 5.979 5.171 5.876 7.688 7.36 8.14 7.994 8.02 8.013 7.94 8.124 8.089 7.897 8.313 8.4 8.16 8.056 8.235 8.048 7.929 8.248 8.256 8.073 8.073 8.086 8.178 7.968 8.327 8.13 8.215 8.236 8.389 8.44 8.257 8.418 8.322 8.411 8.41 8.722 8.71 8.507 8.48 8.54 8.511 8.576 8.479 8.202 8.202 8.617 8.617 8.391 8.353
8.15 8.002 8.278 7.964 7.964 8.21 8.195 8.009 7.993 7.686 8.03 8.284 8.06 8.207 8.393 8.002 6.262 3.794 2.863 6.993 8.093 7.927 7.405 5.905 5.126 7.07 7.161 7.006 8.195 8.141 7.852 8.212 8.031 7.733 7.733 7.87 7.733 8.143 8.041 7.934 8.119 7.99 7.929 8.139 8.195 8.404 8.453 8.272 8.056 7.953 8.164 8.189 8.353 8.542 8.292 8.383 8.237 8.495 8.523 8.445 8.501 8.353 8.353 8.44 8.441 8.441 8.515 8.423 8.345 8.202 8.202 8.287 8.287 8.287 8.287
8.169 7.962 7.899 8.021 8.003 8.148 8.273 8.191 8.161 7.686 7.727 7.955 7.799 7.95 8.352 8.047 5.292 4.076 2.863 6.774 7.739 7.85 7.43 5.126 5.126 5.126 6.984 6.984 8.065 8.053 7.852 7.913 7.733 7.733 7.733 7.764 7.733 7.733 7.794 8.067 7.928 7.961 7.929 7.974 8.03 7.972 8.264 8.058 8.1 7.953 8 8.049 8.283 8.427 8.237 8.237 8.237 8.287 8.426 8.469 8.407 8.353 8.399 8.49 8.677 9.013 8.666 8.487 8.467 8.202 8.668 8.451 8.287 8.552 8.773
8 7.899 7.94 7.93 7.899 7.899 8.069 8.255 8.241 7.686 7.93 7.958 7.997 7.618 7.955 7.795 4.78 4.145 2.863 6.614 7.043 7.033 5.126 6.468 7.183 7.273 7.24 7.225 6.984 7.852 7.954 7.911 7.993 8.127 7.864 7.733 7.733 7.769 7.733 7.83 7.959 7.967 7.929 7.929 7.977 8.024 7.972 8.116 8.07 7.953 7.966 8.194 8.296 8.592 8.327 8.297 8.237 8.265 8.488 8.551 8.347 8.343 8.33 8.33 8.375 8.431 8.577 8.467 8.636 8.202 8.378 8.434 8.513 8.811 9.187
7.956 7.931 7.899 7.899 8.004 8.066 8.075 8.167 8.208 7.669 7.909 8 7.939 7.566 7.536 7.252 3.501 4.097 2.863 6.246 5.673 5.126 6.603 7.52 7.888 7.793 7.759 7.813 7.443 7.094 7.972 7.906 7.872 7.702 7.816 7.733 7.934 8.02 8.146 8.069 7.998 8.04 7.929 7.956 7.981 8.056 7.936 8.066 8.146 7.953 8.036 8.034 8.192 8.149 8.244 8.345 8.237 8.302 8.513 8.521 8.301 8.32 8.364 8.532 8.486 8.53 8.482 8.491 8.573 8.202 8.293 8.512 8.934 9.207 9.375
7.887 8.121 7.899 8.043 7.899 7.937 8.026 8.125 8.04 7.429 7.426 7.357 7.357 7.592 7.556 7.295 3.15 3.15 2.863 5.724 5.183 5.126 7.1 7.65 7.851 7.789 7.736 7.79 7.469 7.672 7.698 7.745 7.81 7.698 7.957 7.936 7.698 7.957 8.076 7.958 7.958 7.958 7.929 8.042 7.981 7.992 7.936 8.046 8.073 7.953 8.165 8.036 8.149 8.17 8.164 8.421 8.237 8.237 8.237 8.274 8.278 8.28 8.355 8.486 8.539 8.701 8.49 8.508 8.537 8.219 8.84 8.755 9.218 9.399 9.421
7.887 7.928 7.899 7.943 7.866 7.913 7.837 7.842 7.666 7.44 7.559 7.641 7.648 7.254 7.352 6.717 3.15 4.26 2.863 2.863 5.549 5.126 7.293 7.649 7.729 7.801 7.761 7.736 7.721 7.629 7.78 7.698 7.698 7.698 7.698 7.698 7.712 7.885 8.08 7.958 7.96 7.973 7.929 7.929 7.936 7.961 7.936 8.018 8.057 7.953 8.28 8.128 8.251 8.153 8.164 8.313 8.237 8.237 8.237 8.39 8.343 8.387 8.396 8.355 8.485 8.535 8.474 8.474 8.405 8.247 8.553 8.605 9.011 9.392 9.427
7.887 8.041 7.974 7.966 7.883 7.771 7.839 7.735 7.62 7.469 7.578 7.66 7.678 7.252 3.15 3.15 4.227 5.346 3.222 2.863 5.987 5.125 6.353 6.939 7.289 7.534 7.817 7.849 7.629 7.812 7.855 7.802 7.955 8.064 7.763 7.821 7.999 8.197 8.189 8.254 7.97 8.05 7.929 7.929 8.132 7.936 7.936 8.126 8.082 7.953 8.129 8.318 8.201 8.125 8.199 8.237 8.237 8.237 8.237 8.273 8.674 8.504 8.446 8.663 8.514 8.595 8.474 8.598 8.49 8.268 8.506 8.506 8.75 9.139 9.379
7.887 8.195 8.022 7.914 7.827 7.703 7.703 7.734 7.682 7.358 7.257 7.241 6.707 6.331 6.426 6.495 6.358 6.824 6.359 2.863 5.096 5.191 6.744 6.997 7.385 7.651 7.624 7.994 7.828 7.64 7.833 8.001 7.861 7.899 8.034 7.861 7.83 7.99 8.089 7.962 7.962 7.962 7.929 7.929 7.998 7.991 7.936 8.04 8.053 7.953 8.181 8.129 8.121 8.121 8.34 8.354 8.237 8.409 8.476 8.32 8.484 8.605 8.825 8.637 8.514 8.592 8.632 8.788 8.731 8.304 8.587 8.499 8.676 9.037 9.039
7.832 7.85 7.839 7.889 7.706 7.703 7.703 7.718 7.694 7.339 6.954 6.895 6.656 6.602 6.619 6.488 6.385 6.699 6.879 5.419 6.501 6.716 6.642 7.175 7.394 7.524 7.817 7.765 7.668 7.741 7.83 8.044 7.951 7.832 7.832 7.832 7.83 8.209 8.217 8.142 8.09 8.159 7.929 7.947 7.99 7.953 7.968 8.228 8.024 7.953 8.109 8.06 8.121 8.159 8.259 8.423 8.237 8.382 8.335 8.363 8.414 8.54 8.557 8.59 8.762 8.701 8.592 8.709 8.547 8.328 8.394 8.555 8.713 9.013 9.411
7.832 7.832 7.805 7.909 7.976 7.822 7.815 7.525 7.431 7.431 7.102 6.889 7.058 6.9 6.909 6.804 6.818 7.042 6.952 6.138 5.419 6.909 6.899 7.53 7.678 7.844 7.966 7.853 7.95 7.745 7.868 7.685 8.01 7.896 8.037 7.864 8.152 7.902 8.106 8.062 8.05 7.929 7.929 8.03 8.089 7.953 8.03 7.984 7.953 7.953 8.022 8.055 8.164 8.136 8.331 8.398 8.287 8.521 8.444 8.335 8.598 8.678 8.648 8.663 8.665 8.819 8.592 8.67 8.728 8.356 8.328 8.424 8.689 9.042 9.481
7.832 7.907 7.525 7.525 7.525 7.525 7.525 7.526 8.096 7.311 7.602 7.289 7.263 7.126 7.078 6.983 6.975 7.075 6.512 5.719 5.419 6.862 6.934 6.899 7.184 7.231 7.292 7.555 7.555 7.555 7.596 7.596 7.596 7.689 7.695 7.695 7.956 8.046 7.902 7.929 7.929 7.929 7.929 7.929 7.995 7.953 7.953 7.953 7.953 7.953 8.048 8.022 8.172 8.097 8.212 8.34 8.286 8.425 8.445 8.388 8.597 8.593 8.593 8.782 8.851 8.81 8.592 8.592 8.624 8.406 8.328 8.468 8.564 9.063 9.601
7.832 7.944 7.878 7.715 7.525 7.549 7.686 7.587 7.864 7.311 7.505 7.504 7.386 7.323 7.326 7.364 7.184 6.512 7.155 6.25 5.457 7.001 7.158 7.624 7.436 7.636 7.758 7.824 7.815 7.774 7.941 7.952 7.831 8.011 7.913 7.941 8.373 9.077 8.951 8.563 8.973 8.321 7.929 8.123 8.32 8.228 8.207 8.165 8.107 7.953 8.06 8.164 8.093 8.123 8.233 8.286 8.38 8.361 8.54 8.388 8.625 8.674 8.593 8.745 8.78 8.8 8.592 8.621 8.608 8.441 8.485 8.44 8.501 8.998 9.072
7.898 7.887 7.961 7.98 7.525 7.598 7.561 7.785 7.788 7.529 7.61 7.145 7.091 7.091 6.961 6.893 6.88 7.138 6.968 6.032 6.351 7.035 7.248 7.607 7.533 7.691 7.652 7.587 7.693 7.63 7.78 7.826 7.786 7.838 7.949 7.998 8.936 9.16 9.176 9.195 9.17 9.257 7.929 8.138 8.091 8.091 8.091 8.155 8.006 7.953 8.106 8.202 8.093 8.164 8.439 8.48 8.299 8.495 8.718 8.388 8.739 8.724 8.593 8.667 8.647 8.682 8.627 8.982 9.191 8.44 8.44 8.488 8.689 8.655 8.735
7.934 8.009 7.838 8.048 7.85 7.525 7.525 7.687 7.711 7.529 7.647 7.545 7.485 7.33 7.288 7.426 6.903 7.255 6.955 6.032 6.334 7.182 7.267 7.286 7.348 7.37 7.305 7.225 7.296 7.428 7.474 7.514 7.53 7.605 7.721 7.721 8.939 9.225 9.217 9.248 9.24 8.319 7.929 8.223 8.209 8.091 8.091 8.091 8.024 7.953 8.083 8.128 8.155 8.281 8.323 8.509 8.342 8.522 8.428 8.388 8.626 8.593 8.63 8.685 8.764 8.647 8.635 8.736 9.197 8.484 8.832 8.638 9.285 9.343 8.908
7.896 7.925 7.806 7.525 7.525 7.936 7.837 7.794 7.742 7.537 7.671 7.518 7.428 7.34 7.327 7.422 6.878 7.313 6.84 6.032 6.032 6.967 7.042 7.107 7.332 7.319 7.066 7.042 7.091 7.411 7.548 7.607 7.702 7.722 7.842 7.961 8.954 9.219 9.222 9.24 9.244 8.483 7.929 8.205 8.234 8.109 8.091 8.201 8.35 7.953 8.124 8.109 8.168 8.216 8.281 8.277 8.393 8.457 8.563 8.388 8.692 8.899 8.549 8.634 8.74 8.708 8.751 8.828 8.858 8.532 8.589 8.876 8.942 8.93 8.908
7.787 7.947 7.851 7.525 7.525 7.525 7.526 7.535 7.583 7.633 7.769 7.428 7.592 7.471 7.19 7.311 6.806 7.085 6.474 6.032 6.798 7.362 7.062 7.042 7.042 7.042 7.042 7.042 7.042 7.266 7.521 7.74 7.657 7.817 7.804 7.973 9.122 9.213 9.212 9.223 9.231 8.873 7.929 8.146 8.319 8.171 8.091 8.21 8.243 7.953 8.043 8.163 8.109 8.149 8.244 8.32 8.371 8.446 8.53 8.388 8.572 8.549 8.549 8.836 8.941 8.727 8.708 8.777 8.937 8.54 8.754 8.845 8.845 8.97 8.994
7.903 7.787 8.044 8.044 8.217 7.966 7.895 7.788 7.827 7.583 7.648 7.649 7.494 7.184 6.806 6.806 6.806 7.052 6.53 6.032 7.127 7.466 7.167 7.312 7.311 7.12 7.174 7.368 7.511 7.299 7.642 7.703 7.84 7.815 7.811 7.953 9.14 9.208 9.196 9.185 9.202 9.117 7.929 8.014 8.271 8.126 8.129 8.099 8.402 7.987 8.31 8.291 8.145 8.231 8.313 8.418 8.348 8.458 8.511 8.388 8.486 8.69 8.549 8.885 8.88 8.866 8.708 8.708 8.805 8.577 8.888 8.9 9.385 9.057 9.325
7.787 7.841 7.828 8.09 7.98 7.948 7.985 8.022 7.877 7.685 7.81 7.829 7.443 7.418 7.374 7.369 6.806 6.958 6.418 6.032 7.232 7.65 7.192 7.361 7.594 7.289 7.434 7.389 7.671 7.627 7.773 7.898 7.896 7.94 8.089 8.127 8.166 8.545 8.87 8.933 8.686 8.332 7.929 7.929 7.98 8.097 8.132 8.24 8.297 8.138 8.252 8.145 8.145 8.293 8.231 8.24 8.382 8.57 8.639 8.408 9.069 8.685 8.549 8.921 8.836 8.835 8.821 8.913 8.862 8.577 9.621 9.509 9.346 9.007 9.458
8.066 8.149 8.1 7.685 7.685 7.685 7.685 7.685 7.685 7.723 7.912 7.902 7.818 7.6 7.357 7.183 6.806 7.168 6.437 6.032 7.466 7.65 7.192 7.713 7.486 7.527 7.541 7.531 7.687 7.831 8.172 8.27 8.29 8.287 8.194 8.157 8.127 8.617 8.891 9.01 8.705 8.289 7.929 7.946 8.261 8.168 8.202 8.217 8.318 8.092 8.541 8.256 8.165 8.343 8.441 8.622 8.551 8.641 8.823 8.414 8.757 8.858 8.684 8.766 8.786 8.725 8.871 8.916 8.771 8.592 10.034 9.626 8.993 9.163 9.515
8.036 8.187 8.092 8.204 8.049 8.09 8.042 7.928 7.811 7.686 7.889 7.928 7.636 7.618 7.481 7.232 7.242 6.806 6.342 6.181 7.483 7.665 7.303 7.736 7.687 7.618 7.615 7.697 7.752 7.92 8.252 8.215 8.479 8.382 8.157 8.208 8.127 8.631 8.866 8.694 8.62 8.31 7.929 8.15 8.112 8.112 8.112 8.204 8.309 8.067 8.392 8.336 8.256 8.333 8.463 8.601 8.513 8.513 8.62 8.512 8.806 8.736 8.602 8.635 8.673 8.697 8.84 8.904 8.915 8.592 8.592 8.622 8.746 8.907 8.96
7.958 7.992 8.071 8.049 8.137 8.058 8.166 7.956 7.908 7.88 8.001 7.63 7.63 7.479 7.191 7.449 7.364 7.367 6.181 7.561 7.74 7.713 7.397 7.753 7.88 7.65 7.791 7.696 7.843 7.916 8.169 8.22 8.37 8.369 8.292 8.206 8.268 8.792 8.727 8.471 8.449 8.309 7.929 8.207 8.175 8.112 8.287 8.362 8.348 8.067 8.584 8.303 8.329 8.422 8.382 8.513 8.617 8.623 8.765 8.58 8.7 8.602 8.602 8.638 8.738 8.703 8.862 8.796 8.796 8.691 8.592 9.1 9.45 9.65 9.423
8.164 8.158 8.058 8.105 8.196 8.09 7.913 7.933 7.691 7.627 8.097 7.809 7.812 7.747 7.191 7.389 6.971 6.181 6.406 7.755 7.698 7.949 7.583 7.794 7.744 7.824 7.85 7.749 7.922 8.013 8.308 8.169 8.169 8.32 8.19 8.144 8.646 8.668 8.431 8.288 8.253 8.541 8.003 8.267 8.275 8.174 8.112 8.313 8.366 8.067 8.374 8.338 8.296 8.653 8.866 8.71 8.659 8.71 8.857 8.581 8.864 8.954 8.602 8.659 8.638 8.94 9.076 9.232 9.266 8.592 8.592 9.145 9.505 9.855 9.387
8.22 8.175 7.92 8.149 8.078 7.958 7.762 7.81 7.652 7.573 7.693 7.864 7.716 7.772 7.021 7.354 6.181 7.63 7.605 7.809 7.839 7.966 7.776 7.999 7.933 8.126 8.127 7.98 8.325 8.042 8.262 8.267 8.178 8.264 8.275 8.067 8.27 8.557 8.271 8.192 8.154 8.519 8.135 8.232 8.411 8.233 8.406 8.563 8.328 8.067 8.302 8.296 8.306 8.901 8.653 8.653 8.784 9.024 8.918 8.603 8.937 8.756 8.602 8.779 8.824 8.638 9.023 8.969 8.992 8.592 8.672 8.638 9.625 9.661 9.169
8.195 8.243 7.92 7.92 7.947 7.948 7.782 7.608 7.573 7.573 7.573 7.573 7.573 7.53 7.287 6.865 6.628 7.395 7.549 7.652 7.745 7.878 7.877 8.059 7.946 8.024 7.98 8.038 8.17 8.203 8.409 8.384 8.354 8.311 8.067 8.207 8.067 8.394 8.067 8.067 8.067 8.369 8.203 8.437 8.337 8.143 8.401 8.279 8.313 8.067 8.394 8.439 8.296 8.706 8.77 8.757 8.803 8.779 9.048 8.602 8.678 8.842 8.602 8.778 8.937 8.938 8.815 9.026 9.115 8.602 8.694 8.602 9.632 9.654 9.102
8.009 7.92 7.92 7.92 7.92 7.92 7.771 7.756 7.573 7.635 7.771 7.591 7.685 7.545 7.495 6.628 6.751 7.819 7.356 7.936 7.988 7.984 8.021 7.814 7.96 8.081 7.98 8.257 8.211 8.252 8.067 8.067 8.067 8.067 8.067 8.067 8.067 8.067 8.067 8.067 8.067 8.067 8.067 8.154 8.067 8.067 8.067 8.067 8.067 8.067 8.091 8.201 8.278 8.378 8.48 8.625 8.646 8.717 8.721 8.638 8.602 8.602 8.602 8.602 8.602 8.602 8.602 8.602 8.602 8.602 8.602 8.625 8.602 8.611 8.69
8.599 8.332 8.2 8.072 8.253 8.109 8.05 8.385 8.071 7.888 8.121 7.562 7.6 7.018 6.758 6.628 6.821 7.779 7.356 7.913 8.193 8.207 8.123 7.814 8.138 8.249 8.086 8.397 8.615 8.407 8.338 8.316 8.321 8.326 8.378 8.45 8.067 8.067 8.279 8.331 8.313 8.313 8.197 8.067 8.77 8.63 8.294 8.302 8.375 8.481 8.501 8.609 8.496 8.576 8.763 8.783 8.923 8.943 8.945 8.879 8.818 8.915 8.759 9.012 8.968 8.833 8.89 8.623 8.754 8.948 8.602 8.602 8.81 8.974 9.146
8.622 8.623 8.649 8.169 8.113 8.004 7.979 7.922 7.888 7.888 7.956 7.562 7.562 7.196 7.351 6.791 6.628 7.841 7.356 7.704 7.934 8.029 8.094 7.809 8.059 8.282 8.067 8.067 8.311 8.297 8.216 8.531 8.195 8.113 8.403 8.466 8.067 8.067 8.126 8.245 8.067 8.148 8.234 8.276 8.728 8.631 8.499 8.495 8.491 8.563 8.481 8.481 8.481 8.71 8.702 8.702 8.88 8.943 8.864 8.864 8.966 9.025 8.768 9.263 8.833 9.093 9.024 8.799 9.009 9.074 8.602 8.602 8.871 9.257 9.56
8.46 8.336 8.27 8.206 8.251 8.13 8.098 7.911 7.888 7.888 8.022 7.677 7.643 7.261 7.257 6.913 6.628 7.132 7.222 7.45 7.45 8.194 8.368 7.809 7.89 8.067 8.392 8.26 8.067 8.067 8.067 8.067 8.067 8.067 8.067 8.067 8.067 8.067 8.067 8.067 8.067 8.067 8.199 8.17 8.246 8.448 8.47 8.497 8.491 8.528 8.481 8.54 8.481 8.815 8.778 8.702 8.969 9.005 8.864 8.953 9.144 9.245 9.026 8.931 8.833 9.02 8.799 8.799 8.799 8.96 8.817 8.602 9.121 9.532 9.825
8.518 8.519 8.6 8.22 8.276 8.116 8.112 7.923 8.124 7.984 7.902 7.662 7.261 7.392 7.215 7.131 6.628 7.696 7.494 7.666 7.45 7.45 8.39 8.174 7.809 8.231 8.241 8.342 8.232 8.133 8.163 8.272 8.248 8.239 8.247 8.07 8.126 8.282 8.067 8.302 8.201 8.27 8.17 8.181 8.527 8.495 8.764 8.992 9.417 9.07 8.737 8.757 8.588 8.89 9.061 8.906 8.797 9.06 9.139 9.014 9.414 9.456 9.466 9.083 9.147 9.239 9.104 8.799 9.046 9.306 9.084 8.607 9.223 9.904 10.05
8.456 8.357 8.544 8.259 8.304 8.164 8.279 8.007 8.281 8.248 7.883 7.493 7.476 7.557 7.437 7.267 6.628 7.968 7.767 7.941 8.144 7.588 7.45 7.809 8.136 7.829 8.01 8.286 8.014 8.088 8.206 8.209 8.209 8.209 8.07 8.182 8.088 8.184 8.107 8.067 8.294 8.169 8.176 8.17 8.557 8.482 8.722 8.859 9.28 9.062 8.651 8.688 8.588 8.682 9.018 9.109 9.056 9.144 9.2 9.03 9.36 9.41 9.424 9.088 8.925 8.889 8.861 8.874 8.858 8.91 8.817 8.69 9.588 9.953 9.673
8.48 8.506 8.259 8.293 8.347 8.396 8.298 8.016 8.029 8.262 7.814 7.631 7.437 7.437 7.596 7.482 6.628 7.804 7.731 7.974 7.95 8.091 7.654 7.45 7.81 8.069 8.065 8.01 8.081 8.074 8.233 8.3 8.281 8.414 8.216 8.078 8.153 8.084 8.206 8.28 8.067 8.452 8.379 8.17 8.32 8.454 8.387 8.576 8.807 8.788 8.651 8.692 8.588 8.742 8.899 8.98 8.922 9.12 9.147 8.931 9.083 9.056 8.963 8.862 8.697 8.697 8.697 8.697 8.697 8.929 8.93 8.697 8.974 8.988 9.287
8.646 8.568 8.357 8.518 8.422 8.283 8.29 8.217 8.18 8.262 8.012 7.548 7.624 7.744 7.612 7.254 6.628 7.731 7.83 7.962 8.048 7.936 7.876 7.766 7.45 7.728 8.169 8.058 8.065 8.052 8.145 8.092 8.068 8.084 8.188 8.331 8.171 8.084 8.223 8.364 8.337 8.338 8.368 8.17 8.385 8.376 8.502 8.787 8.576 8.726 8.674 8.588 8.6 8.652 8.679 8.83 8.838 8.848 8.931 9.176 8.989 9.025 8.825 8.796 8.798 8.827 8.984 9.081 8.94 8.697 8.697 8.697 8.697 8.765 8.882
