data/vince_dem.asc
ncols         280
nrows         370
xllcorner     282705
yllcorner     3279315
cellsize      30
NODATA_value  -9999
[rows 204 to 237 of 370, columns 75 to 149 of 280]
-9999 -9999 -9999 -9999 -9999 -9999 -9999 -9999 -9999 -9999 8.713 8.864 8.885 8.885 8.979 9.038 8.924 9.02 8.959 8.952 8.859 8.865 8.704 9.031 8.93 9.17 9.047 9.099 9.079 9.119 9.055 8.965 8.965 8.965 8.965 9.03 9.039 9.122 9.16 9.08 9.08 9.08 9.071 9.071 9.071 9.201 9.014 8.983 8.95 9.449 9.018 9.018 9.153 9.276 9.134 9.283 9.396 9.474 9.527 9.555 9.31 9.947 8.531 8.531 9.16 9.271 9.377 9.377 9.475 9.467 9.467 9.661 9.518 10.016 10.001
-9999 -9999 -9999 -9999 -9999 -9999 -9999 -9999 -9999 -9999 9.496 9.372 9.428 9.233 9.192 9.404 9.285 9.213 9.104 8.859 9.155 9.118 8.704 9.132 9.155 8.93 9.054 9.047 9.047 9.165 9.093 9.182 9.135 9.228 9.166 9.175 9.216 9.114 9.08 9.08 9.08 9.62 9.701 9.533 9.28 9.235 8.983 9.232 9.231 9.132 9.018 9.083 9.201 9.26 9.427 9.261 9.33 9.543 9.383 9.38 9.415 9.244 8.531 9.199 8.531 9.226 9.394 9.6 9.397 9.649 9.61 9.527 9.631 9.979 9.91
-9999 -9999 -9999 -9999 -9999 -9999 -9999 -9999 -9999 -9999 -9999 9.429 9.454 9.36 9.325 9.192 9.348 9.185 9.082 8.859 9.261 9.219 8.704 9.138 9.029 8.93 9.146 9.095 9.047 9.047 9.2 9.08 9.08 9.08 9.08 9.08 9.08 9.08 9.08 9.08 9.08 9.294 9.458 9.456 9.36 9.234 9.086 9.117 9.081 9.081 9.158 9.199 9.181 9.248 9.248 9.313 9.434 9.566 9.399 9.403 9.537 9.431 8.531 9.467 8.531 9.367 9.493 9.25 9.615 9.636 9.725 9.683 9.531 9.624 9.464
-9999 -9999 -9999 -9999 -9999 -9999 -9999 -9999 -9999 -9999 -9999 9.557 9.635 9.5 9.526 9.192 9.366 9.277 9.242 8.859 9.222 9.172 8.704 9.153 9.11 8.93 9.191 9.179 9.088 9.106 9.336 9.119 9.346 9.378 9.286 9.244 9.263 9.24 9.096 9.08 9.08 9.08 9.232 9.139 9.139 9.276 9.336 9.425 9.451 9.409 9.142 9.142 9.143 9.59 9.622 9.636 9.262 9.401 9.478 9.53 9.142 9.142 8.531 9.503 9.587 8.531 9.25 9.57 9.598 9.7 9.913 9.612 9.464 9.464 9.464
-9999 -9999 -9999 -9999 -9999 -9999 -9999 -9999 -9999 -9999 -9999 -9999 9.681 9.523 9.574 9.235 9.389 9.314 9.269 8.859 9.388 9.304 8.769 9.267 9.221 8.93 9.227 9.162 9.101 9.197 9.316 8.973 9.214 9.372 9.337 9.244 9.199 9.287 9.09 9.324 9.08 9.147 9.139 9.289 9.189 9.306 9.326 9.448 9.389 9.459 9.405 9.197 9.204 9.399 9.763 9.506 9.595 9.262 9.325 9.142 9.417 9.548 9.002 9.381 9.381 9.127 8.531 9.553 9.93 9.96 9.867 10.012 9.464 9.464 9.464
-9999 -9999 -9999 -9999 -9999 -9999 -9999 -9999 -9999 -9999 -9999 -9999 -9999 9.353 9.235 9.324 9.35 8.922 8.917 8.872 8.859 8.859 8.888 8.894 8.894 8.894 8.894 8.894 8.894 8.894 8.894 9.209 9.16 9.211 9.3 9.199 9.199 9.271 9.354 9.188 9.119 9.231 9.387 9.332 9.25 9.306 9.197 9.307 9.197 9.197 9.285 9.197 9.297 9.564 9.27 9.491 9.956 9.262 9.278 9.504 9.164 9.536 9.002 9.321 9.15 9.284 8.531 8.531 9.787 9.676 10.186 9.953 9.845 9.903 9.464
-9999 -9999 -9999 -9999 -9999 -9999 -9999 -9999 -9999 -9999 -9999 -9999 -9999 9.675 9.499 9.351 9.39 9.39 9.338 9.296 9.286 9.453 9.322 9.327 9.358 9.371 9.318 9.235 9.342 9.384 9.672 9.243 9.182 9.269 9.256 9.262 9.199 9.199 9.188 9.366 9.229 9.21 9.367 9.317 9.386 9.313 9.197 9.197 9.197 9.197 9.197 9.197 9.197 9.301 9.27 9.289 9.505 9.533 9.262 9.331 9.491 9.632 9.31 9.902 9.288 9.16 9.452 8.531 9.698 9.672 9.756 9.854 9.549 9.549 9.464
-9999 -9999 -9999 -9999 -9999 -9999 -9999 -9999 -9999 -9999 -9999 -9999 -9999 -9999 9.366 9.34 9.513 9.576 9.654 9.734 9.343 9.298 9.349 9.469 9.481 9.497 9.655 9.603 9.845 9.577 9.243 9.3 9.363 9.291 9.306 9.251 9.252 9.317 9.352 9.495 9.542 9.483 9.624 9.662 9.354 9.316 9.57 9.279 9.197 9.197 9.322 9.197 9.276 9.27 9.36 9.373 9.317 9.549 9.617 9.262 9.301 9.441 9.468 9.297 9.34 9.225 9.226 9.171 8.531 9.425 9.855 9.769 9.611 9.749 9.788
-9999 -9999 -9999 -9999 -9999 -9999 -9999 -9999 -9999 -9999 -9999 -9999 -9999 -9999 9.201 9.271 9.595 9.658 9.747 9.716 9.459 9.371 9.398 9.424 9.726 9.859 9.828 9.912 10.205 9.73 9.382 9.243 9.286 9.269 9.251 9.251 9.252 9.251 9.398 9.733 9.741 9.744 9.365 9.306 9.306 9.35 9.487 9.242 9.273 9.324 9.378 9.205 9.234 9.352 9.488 9.392 9.352 9.44 9.501 9.307 9.262 9.334 9.205 9.205 9.272 9.252 9.003 9.136 9.414 8.531 9.601 9.51 9.624 9.608 9.507
-9999 -9999 -9999 -9999 -9999 -9999 -9999 -9999 -9999 -9999 -9999 -9999 -9999 -9999 -9999 9.326 9.635 9.74 9.695 9.79 9.51 9.428 9.472 9.496 9.844 9.872 10.234 11.655 10.197 10.203 9.466 9.292 9.337 9.255 9.315 9.259 9.251 9.28 9.251 9.662 9.67 9.666 9.684 9.792 9.306 9.316 9.205 9.205 9.205 9.205 9.205 9.205 9.205 9.205 9.205 9.205 9.205 9.205 9.205 9.205 9.205 9.205 9.205 9.205 9.205 9.22 9.209 9.003 9.285 8.531 9.213 9.039 9.084 9.149 9.165
-9999 -9999 -9999 -9999 -9999 -9999 -9999 -9999 -9999 -9999 -9999 -9999 -9999 -9999 -9999 -9999 9.683 9.537 9.571 9.518 9.511 9.502 9.618 9.506 9.899 9.651 9.807 9.604 9.573 9.485 9.31 9.305 9.254 9.317 9.42 9.379 9.251 9.251 9.251 9.251 9.403 9.392 9.361 9.395 9.444 9.306 9.423 9.308 9.205 9.205 9.205 9.205 9.205 9.361 9.422 9.525 9.435 9.403 9.478 9.519 9.375 9.353 9.205 9.578 9.495 9.381 9.377 9.278 9.003 9.278 8.531 8.934 9.008 9.105 9.151
-9999 -9999 -9999 -9999 -9999 -9999 -9999 -9999 -9999 -9999 -9999 -9999 -9999 -9999 -9999 -9999 9.633 9.537 9.575 9.503 9.515 9.44 9.629 9.435 9.781 9.651 9.881 9.479 9.389 9.429 9.332 9.251 9.251 9.251 9.251 9.251 9.251 9.251 9.251 9.251 9.252 9.252 9.252 9.274 9.338 9.264 9.379 9.205 9.205 9.205 9.205 9.211 9.205 9.327 9.469 9.41 9.486 9.541 9.602 9.594 9.424 9.445 9.524 9.496 9.559 9.479 9.424 9.278 8.975 8.975 8.531 9.309 8.972 9.041 9.041
-9999 -9999 -9999 -9999 -9999 -9999 -9999 -9999 -9999 -9999 -9999 -9999 -9999 -9999 -9999 -9999 -9999 9.453 9.586 9.503 9.536 9.433 9.636 9.435 9.713 9.556 9.966 9.503 9.344 9.3 9.302 9.251 9.367 9.271 9.251 9.251 9.251 9.587 9.306 9.489 9.505 9.489 9.494 9.475 9.423 9.24 9.205 9.205 9.205 9.205 9.205 9.205 9.205 9.205 9.205 9.205 9.205 9.205 9.258 9.223 9.223 9.223 9.223 9.02 8.975 8.975 8.975 8.975 8.975 8.982 9.334 8.531 9.329 9.162 9.065
-9999 -9999 -9999 -9999 -9999 -9999 -9999 -9999 -9999 -9999 -9999 -9999 -9999 -9999 -9999 -9999 -9999 -9999 9.382 9.431 9.433 9.433 9.433 9.437 9.415 9.415 9.405 9.405 9.566 9.334 9.287 9.251 9.251 9.251 9.251 9.251 9.251 9.251 9.251 9.41 9.391 9.434 9.366 9.363 9.368 9.206 9.213 9.205 9.205 9.205 9.232 9.234 9.376 9.308 9.473 9.22 9.571 9.672 9.526 9.393 9.292 9.255 9.236 9.593 9.628 9.631 9.531 9.32 9.337 9.291 9.217 8.531 9.132 9.032 9.166
-9999 -9999 -9999 -9999 -9999 -9999 -9999 -9999 -9999 -9999 -9999 -9999 -9999 -9999 -9999 -9999 -9999 -9999 9.763 9.731 9.58 9.632 9.632 9.638 9.45 9.496 9.494 9.718 9.524 9.644 9.663 9.408 9.374 9.559 9.798 9.678 9.33 9.251 9.334 9.362 9.361 9.361 9.339 9.306 9.272 9.205 9.205 9.205 9.535 9.525 9.584 9.428 9.22 9.22 9.22 9.275 9.284 9.369 9.51 9.371 9.699 9.319 9.236 9.54 9.516 9.516 9.518 9.476 9.231 9.275 9.171 9.388 8.531 9.322 9.402
-9999 -9999 -9999 -9999 -9999 -9999 -9999 -9999 -9999 -9999 -9999 -9999 -9999 -9999 -9999 -9999 -9999 -9999 -9999 9.523 9.594 9.689 9.717 9.71 9.529 9.5 9.494 9.872 9.772 9.625 9.567 9.393 9.371 9.534 9.741 9.651 9.251 9.251 9.291 9.451 9.375 9.364 9.338 9.344 9.35 9.205 9.205 9.246 9.205 9.285 9.388 9.61 9.376 9.22 9.22 9.22 9.221 9.221 9.258 9.571 9.733 9.674 9.236 9.596 9.516 9.534 9.43 9.43 9.406 9.231 9.318 10.406 8.531 9.224 9.477
-9999 -9999 -9999 -9999 -9999 -9999 -9999 -9999 -9999 -9999 -9999 -9999 -9999 -9999 -9999 -9999 -9999 -9999 -9999 9.417 9.567 9.632 9.529 9.529 9.546 9.494 9.494 9.75 9.625 9.67 9.554 9.373 9.272 9.504 9.522 9.534 9.251 9.251 9.54 9.48 9.403 9.322 9.32 9.255 9.228 9.205 9.539 9.357 9.598 9.537 9.385 9.387 9.228 9.22 9.239 9.282 9.752 9.737 9.957 10.061 10.034 9.923 9.236 9.637 10.061 9.621 9.814 10.468 9.427 9.441 9.477 9.88 9.458 8.531 9.439
-9999 -9999 -9999 -9999 -9999 -9999 -9999 -9999 -9999 -9999 -9999 -9999 -9999 -9999 -9999 -9999 -9999 -9999 -9999 -9999 9.642 9.826 9.874 9.703 9.771 9.501 9.581 9.746 9.76 9.782 9.861 9.353 9.346 9.272 9.41 9.444 9.373 9.266 9.414 9.58 10.047 9.283 9.413 9.361 9.205 9.205 9.624 9.553 9.289 9.228 9.279 9.228 9.28 9.414 9.438 9.293 9.307 10 9.908 10.454 9.774 9.387 9.364 9.474 9.644 9.52 9.52 9.52 9.656 9.71 9.736 9.765 9.609 8.531 9.3
-9999 -9999 -9999 -9999 -9999 -9999 -9999 -9999 -9999 -9999 -9999 -9999 -9999 -9999 -9999 -9999 -9999 -9999 -9999 -9999 -9999 9.977 9.843 9.928 9.769 9.592 9.864 9.644 9.713 9.646 10.033 9.757 9.593 9.272 9.44 9.447 9.341 9.414 9.294 9.438 9.716 9.261 9.205 9.598 9.345 9.205 10.016 10.044 9.228 9.228 9.228 9.744 9.486 9.43 9.473 9.418 9.293 9.98 9.931 10.419 10.251 9.364 9.467 9.572 9.615 9.954 9.558 9.557 9.575 9.518 9.552 9.547 9.613 9.666 8.531
-9999 -9999 -9999 -9999 -9999 -9999 -9999 -9999 -9999 -9999 -9999 -9999 -9999 -9999 -9999 -9999 -9999 -9999 -9999 -9999 -9999 9.748 9.964 9.902 9.635 9.718 9.745 9.488 9.71 9.966 9.646 9.976 9.499 9.205 9.424 9.27 9.277 9.318 9.205 9.27 9.573 9.229 9.205 9.205 9.205 9.205 9.594 9.687 9.228 9.228 9.251 9.652 9.382 9.372 9.445 9.51 9.372 9.813 9.791 10.402 10.134 9.678 9.456 9.547 9.593 9.675 9.58 9.584 9.717 9.553 9.518 9.546 9.65 9.658 9.186
-9999 -9999 -9999 -9999 -9999 -9999 -9999 -9999 -9999 -9999 -9999 -9999 -9999 -9999 -9999 -9999 -9999 -9999 -9999 -9999 -9999 -9999 9.39 9.39 9.39 9.39 9.39 9.39 9.39 9.39 9.399 9.415 9.297 9.205 9.205 9.205 9.205 9.205 9.205 9.205 9.205 9.205 9.205 9.205 9.241 9.393 9.295 9.228 9.249 9.361 9.48 9.619 9.513 9.43 9.372 9.372 9.372 9.399 9.372 9.372 9.53 9.708 9.756 9.655 9.547 9.582 9.661 9.518 9.518 9.518 9.557 9.513 9.504 9.604 9.77
-9999 -9999 -9999 -9999 -9999 -9999 -9999 -9999 -9999 -9999 -9999 -9999 -9999 -9999 -9999 -9999 -9999 -9999 -9999 -9999 -9999 -9999 9.551 9.39 9.39 9.39 9.39 9.39 9.39 9.39 9.39 9.39 9.235 9.506 9.453 9.402 9.556 9.205 9.205 9.205 9.205 9.205 9.205 9.205 9.345 9.297 9.228 9.554 9.551 9.425 9.519 9.535 9.62 9.53 9.452 9.568 9.506 9.372 9.404 9.486 9.607 9.606 9.886 9.91 9.807 9.547 9.664 9.518 9.557 9.83 9.678 9.535 9.539 9.504 9.5
-9999 -9999 -9999 -9999 -9999 -9999 -9999 -9999 -9999 -9999 -9999 -9999 -9999 -9999 -9999 -9999 -9999 -9999 -9999 -9999 -9999 -9999 -9999 9.977 9.402 9.414 9.4 9.39 9.559 9.51 9.39 9.652 9.636 9.711 9.761 9.519 9.379 9.205 9.205 9.356 9.212 9.221 9.205 9.205 9.205 9.254 9.228 9.603 9.706 9.55 9.607 9.629 9.677 9.62 9.623 9.583 9.783 9.575 9.707 9.498 9.665 9.542 9.755 9.904 9.929 9.601 9.671 9.649 9.655 9.802 9.711 9.573 9.62 9.488 9.457
-9999 -9999 -9999 -9999 -9999 -9999 -9999 -9999 -9999 -9999 -9999 -9999 -9999 -9999 -9999 -9999 -9999 -9999 -9999 -9999 -9999 -9999 -9999 -9999 9.59 9.56 9.494 9.536 9.488 9.521 9.411 9.667 9.613 9.613 9.585 9.561 9.536 9.296 9.205 9.205 9.205 9.532 9.466 9.3 9.205 9.242 9.49 9.724 9.71 9.73 9.763 9.752 9.694 9.73 9.62 9.583 9.618 9.849 9.86 9.498 9.725 9.519 9.498 9.498 9.498 9.757 9.581 9.67 9.71 9.658 9.561 9.561 9.699 9.561 9.296
-9999 -9999 -9999 -9999 -9999 -9999 -9999 -9999 -9999 -9999 -9999 -9999 -9999 -9999 -9999 -9999 -9999 -9999 -9999 -9999 -9999 -9999 -9999 -9999 9.762 9.72 9.72 9.697 9.638 9.639 9.61 9.666 9.613 9.835 9.766 9.806 9.633 9.786 9.618 9.793 9.463 9.695 9.56 9.236 9.205 9.224 9.421 9.733 9.68 9.702 9.717 9.779 9.892 9.97 9.721 9.853 9.883 10.077 10.143 9.498 9.62 9.561 9.498 9.498 9.498 9.504 9.597 9.936 9.742 9.673 9.561 9.561 9.561 9.693 9.656
-9999 -9999 -9999 -9999 -9999 -9999 -9999 -9999 -9999 -9999 -9999 -9999 -9999 -9999 -9999 -9999 -9999 -9999 -9999 -9999 -9999 -9999 -9999 -9999 -9999 9.915 9.945 9.927 9.911 9.887 9.825 9.764 9.613 9.757 9.706 9.922 9.829 9.684 9.477 9.589 9.477 9.942 10.019 9.999 9.371 9.219 9.497 9.68 9.691 9.818 9.846 9.885 9.87 9.89 9.785 9.966 10.489 10.338 10.38 9.498 9.498 9.498 9.498 9.646 9.618 9.589 9.543 9.878 9.977 9.878 9.561 9.561 9.561 9.718 9.651
-9999 -9999 -9999 -9999 -9999 -9999 -9999 -9999 -9999 -9999 -9999 -9999 -9999 -9999 -9999 -9999 -9999 -9999 -9999 -9999 -9999 -9999 -9999 -9999 -9999 -9999 10.05 9.876 9.867 9.913 9.882 9.616 9.613 9.84 9.706 9.77 9.677 9.757 9.477 9.622 9.477 9.87 9.541 9.598 9.256 9.219 9.531 9.701 9.671 9.816 9.821 9.863 9.907 9.782 9.771 10.509 10.395 10.488 10.458 10.348 10.226 9.895 9.498 9.569 9.578 9.608 9.593 9.649 9.76 9.758 9.656 9.561 9.561 9.711 9.651
-9999 -9999 -9999 -9999 -9999 -9999 -9999 -9999 -9999 -9999 -9999 -9999 -9999 -9999 -9999 -9999 -9999 -9999 -9999 -9999 -9999 -9999 -9999 -9999 -9999 -9999 9.882 9.826 9.808 9.877 9.634 9.613 9.613 9.776 9.706 9.802 9.477 9.708 9.477 9.477 9.477 9.485 9.233 9.233 9.219 9.341 9.52 9.671 9.835 9.839 9.865 9.886 9.831 9.798 9.771 10.516 10.43 10.338 10.277 10.441 10.295 10.027 9.581 9.623 9.636 9.664 9.661 9.561 9.582 9.561 9.561 9.561 9.641 9.576 9.59
-9999 -9999 -9999 -9999 -9999 -9999 -9999 -9999 -9999 -9999 -9999 -9999 -9999 -9999 -9999 -9999 -9999 -9999 -9999 -9999 -9999 -9999 -9999 -9999 -9999 -9999 -9999 9.356 9.41 9.549 9.651 9.613 9.613 9.785 9.691 9.691 9.477 9.477 9.582 9.696 9.578 9.599 9.475 9.374 9.219 9.638 9.804 9.793 9.84 9.85 9.885 9.713 9.915 9.75 9.74 10.172 10.199 10.19 10.191 10.15 10.152 10.081 9.61 9.807 9.868 9.899 9.789 9.561 9.6 9.561 9.561 9.561 9.67 9.809 10.315
-9999 -9999 -9999 -9999 -9999 -9999 -9999 -9999 -9999 -9999 -9999 -9999 -9999 -9999 -9999 -9999 -9999 -9999 -9999 -9999 -9999 -9999 -9999 -9999 -9999 -9999 -9999 10.024 10.015 10.029 10 9.992 9.747 9.824 9.715 9.773 9.838 9.805 9.745 9.68 9.644 9.725 9.826 9.41 9.293 9.474 9.567 9.629 9.629 9.629 9.629 9.629 9.674 9.74 9.74 10.068 10.051 10.105 10.072 10.072 10.058 10.118 9.61 9.637 9.691 9.739 9.841 9.609 9.561 9.7 9.561 9.757 9.614 9.671 10.283
-9999 -9999 -9999 -9999 -9999 -9999 -9999 -9999 -9999 -9999 -9999 -9999 -9999 -9999 -9999 -9999 -9999 -9999 -9999 -9999 -9999 -9999 -9999 -9999 -9999 -9999 -9999 -9999 10.024 9.965 10.051 9.801 9.398 9.594 9.538 9.538 9.538 9.399 9.422 9.695 9.331 9.58 9.454 9.315 9.293 9.293 9.448 9.83 10.173 10.153 10.236 10.257 9.927 10.372 10.215 10.02 10.014 10.013 10.016 10.013 9.999 10.016 9.61 9.61 9.697 9.846 9.85 9.573 9.664 9.561 9.561 9.707 9.614 9.741 10.175
-9999 -9999 -9999 -9999 -9999 -9999 -9999 -9999 -9999 -9999 -9999 -9999 -9999 -9999 -9999 -9999 -9999 -9999 -9999 -9999 -9999 -9999 -9999 -9999 -9999 -9999 -9999 -9999 -9999 9.978 9.403 9.398 9.398 9.75 9.8 9.826 9.665 9.484 9.39 9.377 9.331 9.482 9.293 9.293 9.293 9.293 9.293 9.876 9.867 9.867 9.998 10.15 9.989 10.056 10.149 9.955 9.954 9.954 9.954 9.954 9.98 9.984 9.61 9.919 9.84 9.701 9.778 9.64 9.561 9.561 9.561 9.682 10.005 9.754 10.655
-9999 -9999 -9999 -9999 -9999 -9999 -9999 -9999 -9999 -9999 -9999 -9999 -9999 -9999 -9999 -9999 -9999 -9999 -9999 -9999 -9999 -9999 -9999 -9999 -9999 -9999 -9999 -9999 -9999 9.855 9.464 9.398 9.398 9.82 9.88 9.892 9.599 9.495 9.451 9.331 9.331 9.469 9.293 9.293 9.293 9.293 9.293 10.02 10.182 10.064 10.317 10.154 10.297 10.294 10.001 9.967 9.977 9.954 9.954 10 9.997 10.046 9.61 9.885 9.76 9.759 9.729 9.619 9.561 9.561 9.733 9.672 9.732 9.561 9.682
-9999 -9999 -9999 -9999 -9999 -9999 -9999 -9999 -9999 -9999 -9999 -9999 -9999 -9999 -9999 -9999 -9999 -9999 -9999 -9999 -9999 -9999 -9999 -9999 -9999 -9999 -9999 -9999 -9999 -9999 9.398 9.398 9.398 9.754 9.851 9.891 9.532 9.481 9.439 9.339 9.331 9.467 9.293 9.293 9.293 9.293 9.293 10.09 9.983 10.096 10.285 10.399 10.325 10.272 9.967 9.97 9.935 9.956 9.957 9.989 9.964 10.006 9.61 9.728 9.682 9.603 9.561 9.579 9.561 9.636 9.561 9.561 9.623 9.651 9.561
