data/vince_dem.asc
ncols         280
nrows         370
xllcorner     282705
yllcorner     3279315
cellsize      30
NODATA_value  -9999
[rows 34 to 67 of 370, columns 75 to 149 of 280]
7.099 6.886 6.699 6.494 6.169 5.724 5.668 5.214 4.498 3.835 2.037 0.12 1.203 2.143 2.375 2.859 3.322 4.176 5.231 5.301 5.424 5.688 6.023 6.082 6.271 6.655 6.617 6.612 4.075 4.075 6.993 7.323 7.409 7.586 7.944 7.693 3.29 2.843 2.937 7.93 8.104 8.204 8.294 8.498 8.558 8.569 7.953 7.76 7.165 7.016 6.868 7.118 7.142 7.288 6.975 7.053 7.012 7.012 7.012 7.1 7.117 7.181 7.228 7.407 7.669 7.5 7.405 -9999 -9999 -9999 -9999 -9999 -9999 -9999 -9999
7.009 6.607 6.444 6.094 5.939 5.738 5.518 5.091 4.533 3.826 3.77 1.377 1.802 2.307 2.637 3.563 3.804 5.219 5.388 5.453 5.929 6.052 6.33 6.165 6.242 6.292 4.66 4.075 6.133 6.67 6.69 6.63 6.63 6.609 6.485 6.216 4.114 4.073 3.403 2.937 4.692 5.413 5.925 6.306 6.437 6.545 6.562 6.638 6.722 6.951 6.279 6.279 6.279 6.369 6.925 7.111 7.012 7.32 7.35 7.297 7.358 7.429 7.342 7.432 8.086 8.003 7.902 7.765 7.36 -9999 -9999 -9999 -9999 -9999 -9999
6.711 6.444 6.503 6.329 6.277 6.031 6.173 5.984 5.049 4.419 3.78 2.871 1.377 1.756 2.498 3.015 3.833 5.102 5.146 5.57 5.844 5.699 6.018 6.134 6.134 6.618 6.609 6.581 6.816 6.772 6.643 6.638 6.652 6.747 6.717 6.934 4.913 5.533 2.937 2.937 4.763 5.536 5.55 5.844 6.231 6.739 6.798 6.988 6.946 7.224 6.491 7.471 7.259 6.279 6.571 6.666 6.856 7.075 7.193 7.287 7.158 7.302 7.203 7.453 8.12 8.373 8.459 7.836 7.998 7.786 7.523 -9999 -9999 -9999 -9999
6.669 6.444 6.511 6.494 6.672 6.541 6.118 5.88 5.68 3.989 3.597 3.174 1.472 1.377 2.149 2.463 4.327 4.062 5.091 5.437 5.177 5.777 5.699 6.388 6.424 6.641 6.782 6.866 7.016 7.176 6.81 6.792 6.724 6.876 6.717 6.929 5.508 6.033 2.937 2.937 4.791 5.653 5.735 5.823 6.103 6.651 6.629 6.852 6.829 6.883 6.421 7.71 7.897 6.206 8.666 6.677 6.831 6.79 6.861 6.871 6.946 7.012 7.032 7.333 8.022 8.35 8.309 7.914 8.084 8.064 7.436 7.654 7.678 7.553 -9999
6.758 6.444 6.512 6.48 6.48 6.575 6.283 5.809 5.35 4.54 4.231 3.495 2.94 1.377 1.377 4.95 4.536 2.708 3.825 4.993 5.433 5.798 6.156 6.523 6.387 6.878 6.82 6.848 6.882 6.886 7.072 6.876 6.786 6.798 7.09 6.808 6.051 6.472 4.332 2.937 4.961 5.494 5.703 5.58 6.029 6.51 6.459 6.7 6.674 7.066 5.996 6.355 6.676 5.957 8.594 6.468 6.723 7.2 6.814 6.915 7.266 7.11 7.283 7.238 7.749 7.82 7.853 7.586 8.148 8.071 7.564 7.806 7.918 7.694 7.435
6.778 6.482 6.511 6.48 6.641 6.391 6.206 6.016 5.522 4.231 5.075 4.878 3.883 3.611 1.389 1.377 1.967 1.695 2.809 4.265 5.31 5.799 6.18 6.159 6.294 6.551 6.628 6.65 6.784 6.851 6.971 6.902 6.9 6.899 7.074 6.59 6.274 6.564 6.29 4.217 2.937 4.756 4.671 4.46 4.598 5.033 5.186 5.311 5.715 5.716 5.585 5.757 5.672 6.24 6.343 6.287 6.554 6.732 6.977 6.982 7.123 7.093 7.125 7.263 7.476 7.395 7.703 7.471 7.628 7.676 7.629 7.621 7.655 7.579 7.517
6.583 6.48 6.48 6.488 6.624 6.382 6.294 5.899 5.521 4.862 4.584 5.644 4.265 3.525 2.346 1.377 1.931 1.483 2.282 3.915 5.13 5.623 5.76 5.992 6.142 6.441 6.497 6.617 6.817 6.814 6.781 6.781 6.875 7.023 6.911 6.829 6.362 6.37 6.145 6.046 4.763 3.035 3.035 3.035 3.035 3.035 3.035 3.035 3.035 3.035 3.035 3.035 3.035 3.035 5.32 5.684 6.305 6.609 6.831 6.956 7.107 7.014 7.2 7.125 7.427 7.413 7.394 7.846 7.9 7.727 7.563 7.77 7.879 7.511 7.586
6.732 6.48 6.593 6.756 6.888 6.459 6.368 6.096 5.756 4.684 4.682 4.44 3.577 2.864 2.424 1.879 1.377 1.842 2.424 4.189 4.952 5.471 5.672 5.892 6.177 6.224 6.419 6.528 6.655 6.781 6.983 7.05 6.86 6.871 7.004 6.823 6.471 6.543 6.212 5.63 5.363 5.35 4.98 4.764 6.171 6.291 6.232 6.055 4.627 5.818 6.036 6.251 6.119 5.983 5.049 5.049 5.049 6.586 6.834 7.002 7.138 6.964 7.182 7.172 7.43 7.516 7.394 7.569 7.61 7.58 7.563 7.738 7.716 7.555 7.345
7 6.583 6.642 6.91 6.855 6.294 6.289 5.605 5.46 4.689 4.893 4.337 3.623 3.307 3.754 2.423 1.377 1.461 3.262 3.991 4.846 5.233 5.719 5.917 6.14 6.262 6.305 6.317 6.446 6.613 6.911 7.046 7.051 6.918 7.032 6.728 6.519 6.881 6.926 6.304 5.906 5.768 5.84 5.395 6.132 6.349 6.34 6.271 5.841 6.235 6.177 6.416 6.418 6.333 6.248 5.049 5.049 6.466 6.83 6.977 7.038 6.924 7.156 7.079 7.391 7.391 7.484 7.612 7.543 7.49 7.37 7.288 7.394 7.301 7.357
7.047 6.654 6.738 6.912 6.812 6.892 6.046 5.384 5.384 5.17 5.221 4.354 4.136 3.359 3.776 2.509 2.016 1.377 2.456 4.05 4.373 4.613 5.088 5.292 5.296 5.444 5.481 5.633 6.34 6.536 6.847 7.153 7.03 7.025 6.95 6.839 6.595 6.969 7.055 6.473 6.322 6.366 6.053 5.819 6.119 6.564 6.43 6.462 6.521 6.445 6.554 6.587 6.638 6.556 6.579 6.247 5.049 6.35 6.701 6.805 7.087 6.806 7.079 7.09 7.53 7.419 7.462 7.576 7.536 7.473 7.346 7.288 7.289 7.289 7.304
6.747 6.654 6.654 6.88 7.038 6.815 6.581 6.32 5.768 5.64 4.951 4.757 4.035 3.511 3.968 2.125 2.353 1.573 1.377 2.204 2.475 3.98 4.811 5.566 5.928 6.144 6.212 6.231 5.771 6.554 6.585 6.658 7.051 6.887 6.814 6.72 6.611 6.932 7.04 6.738 6.487 6.413 6.179 5.936 6.304 6.519 6.431 6.531 6.762 6.541 6.716 6.812 6.556 6.79 6.782 6.584 5.049 6.319 6.687 6.918 7.032 6.806 7.204 7.057 7.293 7.47 7.516 7.519 7.491 7.355 7.288 7.288 7.374 7.298 7.31
6.882 6.654 6.73 6.824 6.993 6.835 6.498 6.297 6.134 5.414 5.044 5.098 3.985 3.668 3.698 2.294 2.434 2.295 2.413 1.377 1.783 2.602 3.93 5.336 5.751 6.012 6.08 6.241 5.853 6.491 6.58 6.715 6.926 6.885 6.883 6.611 6.629 6.909 6.963 6.832 6.697 6.616 6.427 6.109 6.487 6.91 6.562 6.665 6.843 6.866 6.8 7.026 6.914 6.922 6.946 6.653 5.049 5.049 6.384 6.579 6.837 6.806 7.13 6.798 7.332 7.44 7.466 7.485 7.443 7.431 7.288 7.311 7.403 7.304 7.369
7.012 6.717 6.796 6.857 6.86 6.782 6.623 6.47 6.359 5.6 5.275 5.224 4.148 3.678 3.942 2.561 2.607 2.485 2.536 3.958 1.377 2.292 4.077 5.227 5.642 5.952 6.215 5.679 6.169 6.331 6.671 6.713 6.84 6.707 6.984 6.746 6.693 6.938 6.931 6.749 6.668 6.717 6.555 6.352 6.506 7.049 6.682 6.815 6.786 6.809 6.932 6.966 6.99 7.082 7.036 6.965 6.39 6.384 5.049 5.049 6.806 6.985 7.06 6.661 7.105 7.137 7.187 7.285 7.245 7.203 7.167 7.167 7.167 7.167 7.167
6.563 6.563 6.563 6.414 6.223 6.088 6.066 5.757 5.684 5.767 5.233 4.645 4.002 3.302 2.715 2.459 2.397 2.397 2.397 2.397 1.377 1.868 2.589 3.27 4.479 5.372 5.571 5.944 6.036 6.167 6.28 6.351 6.362 6.368 6.434 6.556 6.822 6.641 6.627 6.627 6.627 6.627 6.644 6.571 6.917 6.971 6.821 7.025 7.023 7.052 7.034 7.133 6.966 7.016 7.007 7.014 6.866 6.767 6.58 6.116 5.049 6.771 6.87 6.661 6.694 6.85 6.922 6.972 7.069 7.167 7.167 7.167 7.167 7.167 7.175
7.085 6.827 6.992 6.658 6.088 6.905 6.855 6.84 6.516 5.795 6.43 6.136 6.404 5.674 3.606 3.621 4.045 3.856 2.926 2.444 1.79 1.852 4.994 4.144 4.433 5.45 5.892 5.963 6.628 6.374 6.417 6.683 6.582 6.418 6.779 6.668 6.839 6.909 6.834 6.79 6.718 6.627 6.983 6.571 6.883 7.103 6.821 7.109 7.26 7.137 7.197 7.081 7.257 6.966 7.265 7.219 6.767 6.948 6.789 6.753 6.668 5.049 6.922 6.661 7.065 7.09 7.326 7.284 7.243 7.376 7.422 7.422 7.332 7.267 7.346
6.906 6.948 7.167 6.61 7.012 6.99 6.65 6.635 6.475 5.909 6.308 6.642 6.626 5.726 4.901 4.79 4.76 4.41 3.786 2.409 1.79 2.14 4.516 4.144 4.533 5.491 6.04 6.013 6.142 6.223 6.318 6.705 6.765 6.519 6.9 6.759 6.881 7.006 7.022 7.045 6.775 6.743 7.008 6.787 7.007 7.081 6.86 7.366 7.353 7.255 7.453 7.511 7.473 7.048 7.48 7.425 7.044 7.184 7.412 7.45 7.602 7.277 5.049 7.495 7.073 7.08 7.221 7.36 7.647 7.527 7.693 12.11 12.538 12.349 11.965
7.062 6.997 7.25 6.821 7.53 7.241 7.115 7.107 6.5 6.003 6.439 6.652 6.466 6.361 6.047 5.62 5.238 4.75 4.199 2.314 1.79 3.241 4.732 4.296 4.741 5.415 6.065 6.027 6.402 6.305 6.444 6.78 6.553 6.582 6.853 6.88 6.955 7.035 6.923 6.896 6.992 6.918 7.138 6.922 7.45 7.041 6.985 7.32 7.496 7.37 7.377 7.562 7.69 7.348 7.357 7.1 7.048 7.044 7.044 7.72 7.866 8.005 8.123 5.049 8.888 9.858 11.057 12.212 13.027 7.414 7.56 13.439 12.99 12.478 11.971
7.058 7.308 7.434 6.852 7.465 7.158 7.014 7.105 6.81 6.091 6.365 6.703 6.634 6.643 6.47 5.809 5.424 4.759 4.129 2.761 1.79 4.38 4.848 4.368 4.816 5.311 5.91 5.91 6.225 6.264 6.671 6.694 6.527 6.584 6.793 7.117 6.967 6.995 6.92 6.912 7.119 6.997 7.168 7.095 7.071 7.194 7.411 7.484 7.432 7.511 7.522 7.582 7.63 7.566 8.16 8.766 8.097 7.833 7.817 7.843 7.896 7.902 7.819 6.25 5.049 7.97 8.127 7.538 7.457 7.493 7.414 7.414 7.414 7.414 7.414
7.98 7.282 7.377 6.987 7.386 7.365 7.21 6.964 6.739 6.354 6.42 6.463 6.493 6.395 6.131 6.068 5.626 4.726 4.022 2.069 1.79 4.125 4.366 4.714 5.072 5.337 6.046 5.951 6.286 6.425 6.454 6.454 6.454 6.454 6.535 6.673 6.699 6.945 6.921 6.992 7.104 7.091 6.895 6.895 7.056 7.217 7.381 7.374 7.249 7.249 7.249 7.249 7.249 7.249 7.249 7.249 7.249 7.249 7.249 7.249 7.249 7.249 7.418 7.471 5.406 5.856 7.728 7.637 7.637 7.414 7.419 7.513 7.844 7.44 7.414
7.73 7.282 7.445 7.02 7.172 7.13 7.191 7.494 7.131 6.804 6.624 6.556 6.54 6.738 6.43 6.108 4.022 4.022 6.552 2.145 1.79 5.404 5.326 5.053 4.714 5.612 5.902 6.476 7.414 8.788 10.291 6.484 6.485 6.566 6.535 6.628 6.61 6.772 6.843 6.84 6.805 6.781 7.111 6.895 7.552 7.685 7.217 7.62 7.489 7.518 7.7 7.97 8.021 7.96 7.632 7.777 7.249 7.506 7.717 7.249 7.304 7.394 7.239 7.239 7.123 5.406 7.265 7.788 7.572 7.414 7.548 7.873 7.708 7.478 7.414
7.455 7.295 7.313 7.148 7.111 7.034 6.858 6.862 7.015 7.297 7.011 6.247 4.539 4.022 4.022 4.022 4.37 4.964 5.242 2.755 1.79 5.497 5.606 5.626 5.682 5.747 5.821 5.704 5.74 5.807 5.841 5.892 6.216 6.319 6.508 6.664 6.547 6.612 6.612 6.718 6.781 6.891 7.064 6.947 7.379 7.479 7.477 7.453 7.402 7.364 7.472 7.486 7.39 7.39 7.39 7.37 7.294 7.358 7.312 7.253 7.249 7.329 7.319 7.312 7.2 7.082 5.406 7.129 7.255 7.266 7.585 7.61 7.691 7.467 7.526
7.441 7.471 7.199 7.164 7.206 6.301 4.563 4.022 4.022 4.022 4.022 4.022 4.022 4.022 4.022 4.022 4.225 4.861 4.83 3.591 1.79 3.887 3.38 3.855 4.154 5.017 5.246 5.77 5.71 6.137 6.189 6.558 6.816 6.725 6.572 6.568 6.547 7.048 7.052 7.077 7.106 7.17 7.338 7.253 6.947 6.947 6.947 6.947 6.947 7.457 7.435 7.506 7.763 7.478 7.793 7.592 7.269 7.461 7.256 7.249 7.365 7.434 7.234 7.234 7.407 7.244 5.406 7.63 7.845 7.48 8.02 7.937 8.057 7.898 7.81
7.81 7.726 7.455 7.083 6.485 5.528 4.257 4.022 4.022 4.022 4.022 4.022 4.022 4.022 4.025 4.596 4.359 4.75 4.838 4.169 1.79 1.79 3.576 3.81 4.883 4.425 5.251 5.578 6.957 7.008 6.995 6.981 7.024 7.007 6.91 6.825 6.547 7.08 7.333 7.052 7.052 7.408 7.598 7.435 6.947 6.947 6.947 6.947 6.947 7.517 7.427 7.421 7.421 7.421 7.529 7.588 7.269 7.269 7.463 7.397 7.339 7.234 7.29 7.234 7.281 7.171 6.95 5.406 7.903 7.45 7.536 7.536 7.75 8.16 8.255
7.286 7.084 6.949 6.756 6.996 7.028 7.141 7.009 7.059 7.279 7.063 6.81 6.675 6.548 6.787 6.597 6.306 6.997 6.753 3.656 4.16 1.79 1.957 3.89 4.747 4.298 4.867 5.347 6.918 6.965 7.01 6.955 6.985 6.945 7.063 7.034 6.547 7.08 7.3 7.052 7.248 7.352 7.467 7.518 7.112 7.21 7.144 7.144 7.007 7.458 7.506 7.421 7.458 7.421 7.467 7.555 7.269 7.32 7.321 7.307 7.313 7.234 7.267 7.234 7.236 7.285 7.235 5.406 7.431 7.342 7.399 7.344 7.541 7.801 8.184
7.01 7.01 7.217 7.364 7.644 7.769 7.837 7.721 7.724 7.042 7.49 7.42 7.293 7.323 7.275 7.263 7.396 7.197 6.827 3.478 2.316 1.79 1.825 3.77 4.616 4.162 5.253 5.918 6.156 6.704 6.923 6.824 6.881 6.883 6.853 6.969 6.547 7.037 7.261 7.052 7.079 7.35 7.41 7.524 7.483 7.482 7.487 7.467 7.541 7.542 7.747 7.421 7.653 7.439 7.713 7.656 7.352 7.533 7.34 7.307 7.307 7.321 7.336 7.234 7.364 7.312 7.32 5.406 7.438 7.189 7.258 7.456 7.563 7.593 8.235
7.551 7.541 7.506 7.568 7.709 7.644 7.764 7.66 7.346 6.974 7.254 7.286 7.395 7.192 7.248 7.285 7.524 7.441 6.396 1.888 1.79 1.79 2.044 3.627 4.534 4.104 5.633 6.066 6.209 6.321 6.289 6.556 6.638 6.604 6.629 6.917 6.547 7.083 7.246 7.089 7.404 7.735 7.645 7.489 7.701 7.934 7.775 7.741 7.837 7.541 7.683 7.45 7.421 7.363 7.5 7.56 7.423 7.525 7.418 7.37 7.435 7.271 7.271 7.252 7.262 7.283 7.259 5.406 7.131 7.131 7.131 7.457 7.302 7.302 7.418
7.753 7.586 7.767 7.625 7.751 7.687 7.826 7.749 7.449 6.974 7.166 7.29 7.333 7.189 7.276 7.344 7.646 7.278 6.327 2.027 1.79 1.79 1.79 2.999 3.52 3.925 4.232 5.229 5.703 5.968 6.109 5.82 6.755 6.604 6.696 6.736 6.547 7.084 7.069 7.118 7.438 7.676 7.692 7.421 7.844 8.186 8.15 8.124 7.712 7.541 7.757 7.381 7.363 7.363 7.363 7.561 7.313 7.313 7.369 7.349 7.365 7.321 7.325 7.256 7.55 7.487 7.34 5.406 7.217 7.294 7.29 7.302 7.342 7.302 7.426
8.046 7.625 7.806 7.824 7.717 7.486 7.575 7.518 7.303 6.974 7.511 7.341 7.195 7.145 7.198 7.091 7.273 6.741 6.483 2.452 1.79 1.805 2.054 1.79 1.931 3.527 4.211 4.543 4.85 5.239 5.646 5.555 6.56 6.838 6.641 6.683 6.547 6.881 6.98 6.98 7.17 7.236 7.393 7.468 7.777 8.474 8.439 8.411 7.73 7.713 7.6 7.491 7.454 7.385 7.444 7.348 7.313 7.316 7.313 7.278 7.268 7.271 7.122 7.063 7.063 7.017 6.967 5.406 6.839 6.904 7.359 7.199 7.541 7.632 7.626
7.536 7.549 8.001 7.578 7.443 7.443 7.459 7.403 7.401 6.974 7.03 6.705 6.561 6.424 6.276 6.242 6.038 5.904 6.009 2.754 2.076 2.76 2.268 1.79 2.049 3.054 3.798 4.447 4.911 5.276 5.466 5.659 5.803 6.423 6.423 6.547 6.628 7.37 7.471 7.488 7.449 7.581 7.598 7.477 7.814 8.37 8.363 8.355 8.282 7.471 7.791 7.622 7.45 7.6 7.537 7.346 7.313 7.607 7.311 7.333 7.43 7.2 7.392 7.392 7.721 7.404 7.161 6.928 6.749 7.273 7.187 7.159 7.218 7.445 7.324
7.704 7.77 7.799 7.507 7.668 7.598 7.337 7.337 7.337 7.054 6.974 6.659 6.95 6.655 6.747 6.293 5.964 6.329 5.817 3.017 3.065 3.127 2.823 1.79 1.79 3.872 4.763 5.65 5.885 6.121 6.207 6.209 6.376 6.844 6.975 6.864 6.533 7.297 7.664 7.525 7.38 7.38 7.38 7.494 7.829 8.451 8.419 8.387 8.525 7.581 7.471 7.471 7.573 7.599 7.573 7.513 7.313 7.332 7.38 7.406 7.395 7.352 7.4 7.392 7.856 7.704 7.664 7.368 6.749 7.086 7.152 7.276 7.283 7.324 7.499
7.777 7.761 7.663 7.812 7.785 7.685 7.707 7.55 7.448 7.074 6.953 6.582 6.471 6.369 6.177 6.087 5.959 6.264 5.909 3.085 3.166 3.093 2.974 1.79 1.985 4.171 4.879 5.501 5.927 5.961 6.145 6.202 6.368 6.943 6.966 6.915 6.533 7.187 7.484 7.38 7.38 7.38 7.38 7.497 7.851 8.352 8.443 8.326 8.121 7.625 7.471 7.573 7.472 7.499 7.608 7.424 7.374 7.477 7.404 7.514 7.429 7.352 7.558 7.476 7.786 7.64 7.715 7.457 6.749 7.115 7.278 7.348 7.415 7.536 7.653
7.821 7.631 7.78 7.788 7.703 7.78 7.731 7.761 7.51 6.918 6.929 6.555 6.712 6.604 6.527 6.125 5.959 6.257 5.874 3.191 3.312 3.336 2.947 1.79 1.79 4.014 4.294 4.551 4.879 5.158 5.436 5.721 5.963 6.555 6.95 6.827 6.533 7.155 7.38 7.38 7.38 7.38 7.728 7.46 7.971 8.236 8.144 8.009 7.859 7.493 7.619 7.471 7.471 7.53 7.538 7.62 7.374 7.683 7.404 7.404 7.552 7.352 7.525 7.489 7.637 7.516 7.542 7.286 6.749 7.258 7.262 7.455 7.389 7.499 7.349
7.776 7.611 7.759 7.732 7.767 7.732 7.767 7.61 7.454 6.74 6.763 6.412 6.412 6.279 6.071 5.838 5.932 6.279 5.872 3.975 3.197 3.336 2.827 1.933 1.905 3.687 4.589 5.362 5.745 5.82 5.758 6.208 6.207 6.394 6.533 6.533 6.533 7.061 7.56 7.507 7.519 7.469 7.673 7.408 7.546 7.623 7.649 7.572 7.572 7.579 7.706 7.471 7.689 7.666 7.53 7.826 7.374 7.631 7.464 7.502 7.584 7.352 7.563 7.356 7.328 7.37 7.262 7.223 7.033 6.749 7.376 7.226 7.131 7.131 7.178
7.626 7.524 7.929 7.796 7.865 7.779 7.915 7.614 7.409 6.718 6.728 6.413 6.472 6.456 6.446 5.967 5.838 6.043 5.926 5.75 3.227 3.44 1.905 1.905 1.905 3.694 4.156 4.954 5.259 5.57 5.832 6.297 5.99 6.403 6.711 6.708 6.547 7.024 7.024 7.086 7.159 7.289 7.442 7.158 7.485 7.709 7.583 7.579 7.689 7.548 7.548 7.669 7.663 7.614 7.71 7.613 7.374 7.374 7.378 7.554 7.492 7.492 7.507 7.423 7.504 7.328 7.227 7.349 7.467 6.931 6.749 7.356 7.252 7.131 7.408
